36
-4.090759 0.802671 9.280663
1.520800 1.636200 3.860000
847.630212 0.000000 960.000000 0.000000 847.630212 540.000000 0.000000 0.000000 1.000000
725.617188 605.156250
645.117188 627.468750
632.539062 645.843750
642.601562 601.218750
662.726562 598.593750
660.210938 636.656250
715.554688 618.281250
720.585938 586.781250
733.164062 582.843750
733.164062 609.093750
733.164062 603.843750
725.617188 550.031250
720.585938 546.093750
692.914062 522.468750
655.179688 523.781250
647.632812 560.531250
602.351562 589.406250
612.414062 647.156250
582.226562 606.468750
461.476562 624.843750
446.382812 645.843750
446.382812 605.156250
474.054688 599.906250
484.117188 634.031250
567.132812 618.281250
567.132812 588.093750
587.257812 582.843750
594.804688 609.093750
619.960938 601.218750
627.507812 548.718750
614.929688 546.093750
602.351562 525.093750
547.007812 525.093750
496.695312 561.843750
446.382812 590.718750
443.867188 649.781250
0.110000
0.110000
0.110000
0.110000
0.110000
0.110000
0.110000
0.110000
0.710000
0.710000
0.710000
0.710000
0.710000
0.710000
0.110000
0.110000
0.110000
0.110000
0.110000
0.110000
0.110000
0.110000
0.110000
0.110000
0.110000
0.110000
0.710000
0.710000
0.710000
0.710000
0.110000
0.710000
0.110000
0.110000
0.110000
0.110000
0.981961 0.555366 1.045695
0.539328 0.554456 -1.447207
0.462368 0.624186 -1.822427
0.505147 0.159817 -1.720479
0.610717 0.172068 -1.170811
0.596015 0.662773 -1.055525
0.905002 0.644656 0.663837
0.964058 0.167439 0.760396
1.043147 0.144743 1.296471
1.048727 0.581674 1.428652
1.027180 0.500027 1.790395
0.981251 -0.204839 1.775587
0.910607 -0.401202 1.418480
0.718952 -0.858027 1.055391
0.473518 -0.841133 -0.394591
0.537811 -0.313184 -0.951349
0.337699 -0.050127 -1.920244
0.363731 0.576220 -2.012164
-0.567192 0.555366 1.317581
-0.999903 0.554456 -1.177063
-1.055313 0.624186 -1.556065
-1.060820 0.159817 -1.445643
-0.972907 0.172068 -0.892876
-0.919825 0.662773 -0.789486
-0.624863 0.644656 0.932337
-0.647510 0.167439 1.043236
-0.539327 0.144743 1.574204
-0.499562 0.581674 1.700386
-0.356121 0.500027 2.033172
-0.317979 -0.204839 2.003610
-0.373160 -0.401202 1.643789
-0.316600 -0.858027 1.237136
-0.579586 -0.841133 -0.209765
-0.829625 -0.313184 -0.711356
-0.971405 -0.050127 -1.690488
-1.027181 0.576220 -1.768050
42
-0.112883 -0.466410 -0.087000 -0.104701 -0.464312 -0.117262 -0.072020 -0.365686 -0.043486 -0.083021 -0.219827 -0.133111 -0.086690 -0.267956 -0.150327 -0.131358 -0.358654 -0.190378 -0.090505 -0.366376 -0.037695 -0.128156 -0.184653 -0.085935 -0.083954 -0.198226 -0.097605 -0.109366 -0.350086 -0.153583 -0.085140 -0.352362 0.177743 -0.162182 -0.925581 0.105024 -0.368138 -0.018352 -1.978190 -0.484905 0.377439 -2.412159 -0.103829 0.300180 0.049409 -0.015289 0.044560 0.074872 -0.027714 -0.116885 -0.180119 -0.086357 -0.241499 -0.158845 0.076512 -0.466410 -0.120240 0.058514 -0.464312 -0.145908 0.052908 -0.365686 -0.065411 0.032732 -0.219827 -0.153426 0.030319 -0.267956 -0.170863 0.058679 -0.358654 -0.223731 0.072260 -0.366376 -0.066262 0.091234 -0.184653 -0.124439 0.045700 -0.198226 -0.120360 0.050532 -0.350086 -0.181646 0.140577 -0.352362 0.138128 0.188252 -0.925581 0.043521 -0.327483 -0.018352 -1.985326 -0.365471 0.377439 -2.433121 0.114449 0.300180 0.011100 0.039870 0.044560 0.065191 -0.035277 -0.116885 -0.178791 0.027105 -0.241499 -0.178759
-0.608242 -0.248652 -0.012673 -0.717411 -0.266840 -0.632307 -0.724866 -0.473015 -0.545993 -0.714573 -0.279994 -0.566394 -0.740995 -0.307560 -0.741770 -0.751440 -0.459335 -0.702244 -0.605203 -0.449800 0.072318 -0.620113 -0.195133 0.066240 -0.595161 -0.170582 -0.032560 -0.581733 -0.342919 -0.065701 -0.372348 -0.296013 0.572045 -0.268049 0.285590 0.616695 -0.271406 0.131617 0.374917 -0.225429 0.115769 0.656763 -0.506968 0.125019 -0.778569 -0.510260 -0.001941 -0.438595 -0.565826 -0.122865 -0.660106 -0.596628 -0.606055 -0.569944 0.567575 -0.248652 -0.219036 0.459221 -0.266840 -0.838813 0.495622 -0.473015 -0.760196 0.478997 -0.279994 -0.775872 0.444121 -0.307560 -0.949765 0.467400 -0.459335 -0.916158 0.593660 -0.449800 -0.138089 0.605609 -0.195133 -0.148882 0.548504 -0.170582 -0.233280 0.524594 -0.342919 -0.259868 0.544890 -0.296013 0.411064 0.462028 0.285590 0.488562 0.382854 0.131617 0.260091 0.435599 0.115769 0.540748 0.211548 0.125019 -0.904673 0.330413 -0.001941 -0.586138 0.307229 -0.122865 -0.813332 0.366892 -0.606055 -0.739047
0.252237 -0.140775 -0.296031 0.223369 -0.129769 -0.279753 0.168824 -1.289362 -0.349536 0.125071 -1.054717 -0.241199 0.177591 -1.032477 -0.210932 0.217059 -0.899643 -0.055054 0.143797 -0.899501 -0.505339 0.165035 -1.003204 -0.361752 0.225708 -0.936048 -0.235964 0.280459 -0.950545 -0.193639 0.548780 -0.916822 -0.273429 0.688732 -0.008070 -0.161384 0.676307 -0.510379 -0.269398 0.792622 -0.961694 0.377245 0.520761 -0.907628 -0.543176 0.495839 -0.745550 0.169135 0.427994 -1.035946 -0.393519 0.434705 -1.431744 -0.214555 -0.337967 -0.140775 -0.192446 -0.305282 -0.129769 -0.186971 -0.277760 -1.289362 -0.271158 -0.199730 -1.054717 -0.184195 -0.238805 -1.032477 -0.137852 -0.222834 -0.899643 0.022150 -0.307283 -0.899501 -0.426172 -0.278357 -1.003204 -0.283934 -0.292570 -0.936048 -0.145003 -0.329636 -0.950545 -0.086563 -0.609092 -0.916822 -0.070216 -0.702526 -0.008070 0.082790 -0.727624 -0.510379 -0.023000 -0.616792 -0.961694 0.624605 -0.674602 -0.907628 -0.333383 -0.408611 -0.745550 0.327872 -0.536418 -1.035946 -0.224259 -0.481786 -1.431744 -0.053706
-0.349733 0.421942 -1.189325 -0.092598 0.421928 0.435312 -0.169233 -0.361896 0.480585 -0.185419 0.169885 0.545896 -0.152936 0.135621 0.374864 -0.133907 -0.234837 0.448129 -0.400209 -0.275543 -1.167683 -0.389110 0.240489 -1.131022 -0.407794 0.208749 -1.289138 -0.396457 -0.310561 -1.218827 -0.384157 -0.129321 -0.541062 -0.396717 0.547132 -0.427253 -0.287384 0.208749 -0.154721 -0.244353 -0.023350 0.303033 -0.199670 0.180173 -0.004809 -0.112230 0.209204 0.519950 -0.211085 0.212070 0.459764 -0.161752 -0.336954 0.441741 -0.076161 0.421942 -1.237338 0.235298 0.421928 0.377764 0.322770 -0.361896 0.394235 0.360228 0.169885 0.450132 0.271446 0.135621 0.300382 0.278502 -0.234837 0.375748 -0.021332 -0.275543 -1.234178 -0.019284 0.240489 -1.195929 -0.055558 0.208749 -1.350958 -0.042275 -0.310561 -1.280988 0.176954 -0.129321 -0.639540 0.227518 0.547132 -0.536810 0.217523 0.208749 -0.243335 0.332939 -0.023350 0.201715 0.186099 0.180173 -0.072513 0.282578 0.209204 0.450658 0.355030 0.212070 0.360408 0.302508 -0.336954 0.360260
-0.006940 0.645211 -0.418910 -0.021897 0.611508 -0.608660 0.034768 0.648944 -0.594587 -0.009297 0.849132 -0.608737 0.022548 0.843671 -0.608334 0.033460 0.696931 -0.591371 0.073445 0.719854 -0.433723 0.052669 0.861156 -0.452813 0.072736 0.916011 -0.321612 0.117121 0.868742 -0.342288 0.437800 0.963962 -0.271689 0.657126 1.241603 -0.221431 0.629144 0.755803 -0.789289 0.593010 0.036220 -0.216558 0.325842 0.191258 -1.072909 0.299694 0.599264 -0.583058 0.335556 0.403790 -0.479867 0.353846 0.658699 -0.333652 -0.136124 0.645211 -0.396237 -0.186675 0.611508 -0.579741 -0.235161 0.648944 -0.547213 -0.198548 0.849132 -0.575522 -0.228352 0.843671 -0.564299 -0.232836 0.696931 -0.544634 -0.216749 0.719854 -0.382792 -0.203714 0.861156 -0.407816 -0.177905 0.916011 -0.277623 -0.226679 0.868742 -0.281949 -0.504152 0.963962 -0.106371 -0.693256 1.241603 0.015569 -0.860315 0.755803 -0.527880 -0.631313 0.036220 -0.001682 -0.671719 0.191258 -0.897831 -0.480327 0.599264 -0.446159 -0.478908 0.403790 -0.336924 -0.446315 0.658699 -0.193219
-0.001228 1.047017 0.601273 -0.082575 1.066869 0.370951 -0.168589 -0.453583 0.360843 -0.229836 0.000995 0.543224 -0.280312 0.132791 0.434133 -0.042910 0.025512 0.562949 -0.104392 -0.052886 0.468500 -0.140554 0.044396 0.615787 -0.200599 0.024296 0.492371 -0.097702 -0.197451 0.580859 -0.122028 -0.309636 -0.587361 -0.118751 0.475937 -0.751505 -0.201685 -0.220844 -1.085373 0.114354 -0.700806 0.249483 -0.287350 -0.559234 -1.558215 -0.516315 -0.242366 -0.994376 -0.281661 -0.137938 0.704667 -0.054091 -0.554733 0.581273 0.205902 1.047017 0.564920 0.203957 1.066869 0.320662 0.281388 -0.453583 0.281869 0.401081 0.000995 0.432494 0.411392 0.132791 0.312735 0.232042 0.025512 0.514694 0.257689 -0.052886 0.404952 0.341844 0.044396 0.531123 0.356274 0.024296 0.394636 0.289658 -0.197451 0.512875 -0.085275 -0.309636 -0.593812 -0.144251 0.475937 -0.747029 -0.179963 -0.220844 -1.089186 -0.022566 -0.700806 0.273513 -0.260432 -0.559234 -1.562939 0.146850 -0.242366 -1.110765 0.504783 -0.137938 0.566641 0.248795 -0.554733 0.528115
-0.038725 0.053590 -0.321770 -0.072372 0.033830 -0.333000 -0.091828 0.756834 -0.459706 0.020275 -0.019397 -0.376736 0.103109 -0.121535 -0.336015 0.093315 0.484669 -0.327941 0.039723 0.521770 -0.427398 0.163062 -0.253679 -0.363789 0.113786 -0.312701 -0.421117 0.050708 0.443998 -0.292684 -0.370153 0.381222 -0.434471 -0.503080 -2.226199 -0.345210 -0.156834 -1.503295 0.912754 -0.104201 -1.161733 -0.590509 -0.080887 -1.018491 -0.250417 -0.333043 -0.773600 -1.294865 0.214598 -0.652541 0.658441 -0.121470 0.765772 0.174161 -0.073159 0.053590 -0.315727 -0.045348 0.033830 -0.337743 -0.070201 0.756834 -0.463502 -0.147350 -0.019397 -0.347316 -0.211367 -0.121535 -0.280822 -0.199410 0.484669 -0.276566 -0.182888 0.521770 -0.388329 -0.277195 -0.253679 -0.286522 -0.250385 -0.312701 -0.357203 -0.147343 0.443998 -0.257925 0.200084 0.381222 -0.534551 0.355462 -2.226199 -0.495889 0.458275 -1.503295 0.804799 -0.103108 -1.161733 -0.590701 -0.009220 -1.018491 -0.262995 -0.127792 -0.773600 -1.330888 0.022442 -0.652541 0.692165 0.173517 0.765772 0.122389
0.324434 -0.766959 -0.300124 0.380032 -0.718496 0.389277 0.517937 -0.281011 0.670107 0.532105 -0.239281 0.637413 0.371723 -0.313540 -0.003371 0.306933 -0.313796 0.013194 0.347479 -0.349973 0.090766 0.394897 -0.289799 0.079966 0.316264 -0.197707 -0.515726 0.239501 -0.235441 -0.545728 0.275991 -0.427972 0.431286 0.205510 -0.137889 0.444396 -0.366159 0.668262 0.773938 -0.352085 1.363756 -0.199946 -0.275150 1.184899 -1.382967 -0.100022 0.638029 -1.429061 0.298989 0.534846 -0.145798 0.012351 -0.237162 -0.149012 -0.407244 -0.766959 -0.171710 -0.224762 -0.718496 0.495422 -0.258796 -0.281011 0.806428 -0.283251 -0.239281 0.780513 -0.350656 -0.313540 0.123410 -0.284096 -0.313796 0.116923 -0.295804 -0.349973 0.203666 -0.344066 -0.289799 0.209659 -0.472979 -0.197707 -0.377209 -0.411020 -0.235441 -0.431558 -0.112634 -0.427972 0.499492 -0.041901 -0.137889 0.487818 0.607820 0.668262 0.602999 0.262957 1.363756 -0.307890 -0.212226 1.184899 -1.394010 -0.392584 0.638029 -1.377714 -0.330768 0.534846 -0.035272 -0.062355 -0.237162 -0.135901
0.428046 -0.238520 0.126680 0.242557 -0.221633 -0.816023 0.120041 -0.395080 -0.663950 -0.037443 -0.063039 -0.743494 0.318159 -0.234090 -0.791114 0.185588 -0.120191 -0.895672 0.431072 -0.238541 0.174828 0.384805 -0.134156 0.065787 0.344496 -0.292003 0.000550 0.260989 -0.473228 0.025248 -0.076068 -0.444411 -1.119278 -0.472638 0.408995 -1.060952 -0.566769 0.295771 -0.228733 -0.884271 1.266126 0.628002 -0.407215 0.918805 0.263281 -0.234722 0.228637 0.232068 -0.155184 0.364712 0.794657 0.507206 -0.403904 0.622787 -0.359327 -0.238520 0.264869 -0.505935 -0.221633 -0.684658 -0.338957 -0.395080 -0.583393 -0.217971 -0.063039 -0.711810 -0.568537 -0.234090 -0.635494 -0.479494 -0.120191 -0.778946 -0.345776 -0.238541 0.311170 -0.339405 -0.134156 0.192890 -0.323721 -0.292003 0.117826 -0.236794 -0.473228 0.112612 -0.309618 -0.444411 -1.078288 0.083113 0.408995 -1.158490 0.455007 0.295771 -0.408061 1.045272 1.266126 0.289355 0.472532 0.918805 0.108880 0.299719 0.228637 0.138270 0.416509 0.364712 0.694321 -0.264820 -0.403904 0.758282
-0.254340 0.231658 0.127612 -0.226505 0.179135 -0.098847 -0.031832 -0.710127 0.297092 -0.099992 0.595020 0.147141 -0.372375 0.453206 -0.533754 -0.247240 -0.421786 -0.417175 -0.114429 -0.502651 0.460044 -0.274564 0.891481 0.456859 -0.380521 0.912093 -0.079185 -0.243852 -0.421110 -0.277833 -0.174585 -0.181069 0.241375 -0.350069 -2.285484 0.137960 0.521630 0.406648 0.067706 1.243810 0.717799 0.199320 0.444254 0.824104 -0.183288 0.470037 0.604014 0.360081 0.982332 -0.163741 1.048940 0.408506 -0.443429 0.440963 0.282594 0.231658 0.033377 0.179308 0.179135 -0.170070 0.131096 -0.710127 0.268497 0.144121 0.595020 0.104298 0.168365 0.453206 -0.628658 0.090406 -0.421786 -0.476434 0.264246 -0.502651 0.393584 0.413726 0.891481 0.336060 0.330815 0.912093 -0.204028 0.134670 -0.421110 -0.344266 0.246345 -0.181069 0.167500 0.376126 -2.285484 0.010509 -0.467400 0.406648 0.241287 -1.101602 0.717799 0.610954 -0.480117 0.824104 -0.021055 -0.319330 0.604014 0.498620 -0.566436 -0.163741 1.320758 -0.233934 -0.443429 0.553715
-0.028620 0.562334 0.184263 -0.062093 0.562149 -0.214813 -0.162172 -0.749560 -0.085762 -0.314105 0.227662 0.121098 -0.238108 0.369760 -0.115185 -0.033793 -0.224456 -0.085488 -0.019219 -0.212255 0.127080 -0.158723 0.245765 0.287334 -0.180853 0.158032 0.085036 -0.074094 -0.283122 0.142150 0.120848 -0.492284 -0.591168 -0.099812 1.782129 -0.375395 -0.055999 0.162255 1.916521 0.325952 -0.089539 -1.976481 0.286642 -0.041701 -0.060809 0.176826 -0.083161 0.221197 -0.055598 0.116835 0.005998 0.122760 -0.842520 0.275473 0.089655 0.562334 0.163505 -0.014766 0.562149 -0.223119 0.123277 -0.749560 -0.135860 0.336569 0.227662 0.006901 0.184654 0.369760 -0.189382 0.002663 -0.224456 -0.091887 0.061344 -0.212255 0.112941 0.247081 0.245765 0.216113 0.199001 0.158032 0.018370 0.118071 -0.283122 0.108424 -0.314932 -0.492284 -0.514686 -0.033984 1.782129 -0.386948 0.705272 0.162255 1.782913 -0.979509 -0.089539 -1.747365 -0.290218 -0.041701 0.040434 -0.090936 -0.083161 0.268191 0.054318 0.116835 -0.013293 -0.021618 -0.842520 0.300812
0.216473 1.160880 -0.084684 0.292325 1.154659 -0.247896 0.267950 -0.274028 -0.166132 0.409391 -0.205798 0.239884 0.095194 0.017363 -0.511902 0.144949 0.397540 -0.129622 -0.021589 0.468059 -0.076336 0.091370 0.117525 0.308883 -0.198982 0.424914 -0.248285 -0.086304 0.522908 0.076046 0.242566 0.484911 0.770419 0.036487 0.046650 0.850679 -1.381123 0.353805 0.085661 -1.193272 -0.640817 0.056208 -0.231513 -0.943108 -0.543965 0.130332 -0.316028 0.952814 0.964638 -0.814626 0.436746 0.597319 -0.796822 -0.319984 -0.232373 1.160880 -0.005908 -0.359269 1.154659 -0.133537 -0.308508 -0.274028 -0.064960 -0.303239 -0.205798 0.364955 -0.263819 0.017363 -0.448893 -0.180426 0.397540 -0.072517 -0.005695 0.468059 -0.079125 0.019272 0.117525 0.321537 0.102543 0.424914 -0.301204 0.107041 0.522908 0.042112 0.034276 0.484911 0.806975 0.255369 0.046650 0.812264 1.327751 0.353805 -0.389762 1.141097 -0.640817 -0.353488 0.032444 -0.943108 -0.590291 0.201912 -0.316028 0.940252 -0.758265 -0.814626 0.739126 -0.670583 -0.796822 -0.097459
0.545770 0.680172 -0.019088 0.422053 0.692160 -0.256324 0.144964 -0.129506 0.010709 0.251115 -0.464014 0.521765 0.178054 -0.518826 -0.747705 0.423900 0.311947 -0.259928 0.540107 0.238214 0.056047 0.573154 -0.633102 0.545281 0.105023 -0.336186 -0.555893 0.142009 0.157890 -0.160424 -0.737650 0.360432 0.164428 -1.036471 -0.215561 0.069191 -0.319607 0.075240 -0.171782 1.095239 -0.275073 -0.040912 0.531863 -0.016609 -0.485915 0.271719 0.201539 0.758444 -1.279662 0.913345 -0.251185 -1.109423 0.330668 -0.313704 -0.519652 0.680172 0.167900 -0.484113 0.692160 -0.097286 -0.132653 -0.129506 0.059432 -0.058434 -0.464014 0.576092 -0.422024 -0.518826 -0.642388 -0.487078 0.311947 -0.100046 -0.488743 0.238214 0.236617 -0.353220 -0.633102 0.707865 -0.288041 -0.336186 -0.486908 -0.188150 0.157890 -0.102480 0.749556 0.360432 -0.096586 0.998089 -0.215561 -0.287887 0.242011 0.075240 -0.270349 -1.043715 -0.275073 0.334488 -0.665542 -0.016609 -0.275763 0.002787 0.201539 0.805643 1.117650 0.913345 -0.671928 0.936296 0.330668 -0.672739
0.264966 0.552387 -0.018024 0.193269 0.568328 -0.070340 0.133932 -0.110493 -0.203799 -0.200089 1.231527 -0.461170 0.267690 1.042267 0.383873 0.242536 0.113145 0.242859 0.111712 -0.099565 -0.232916 -0.148866 1.079930 -0.405555 0.029520 0.699839 0.260000 0.286803 -0.915904 0.228999 0.515444 -2.405704 0.127811 0.121469 -1.800125 -0.185656 -0.487895 -0.399495 0.254680 -0.398161 -0.288803 0.164907 -0.102746 -0.170852 -0.481070 0.389655 0.064746 0.348897 -0.811997 1.155569 -0.915144 0.092564 0.103880 -0.217110 -0.255268 0.552387 0.073280 -0.205671 0.568328 -0.000323 -0.195326 -0.110493 -0.146012 0.031092 1.231527 -0.501744 -0.120974 1.042267 0.452086 -0.145342 0.113145 0.310933 -0.184349 -0.099565 -0.180956 0.001868 1.079930 -0.432010 0.060780 0.699839 0.254514 -0.191683 -0.915904 0.312976 -0.441117 -2.405704 0.295693 -0.177429 -1.800125 -0.133197 0.545461 -0.399495 0.073320 0.430520 -0.288803 0.019469 -0.067210 -0.170852 -0.487306 -0.247560 0.064746 0.460732 0.451841 1.155569 -1.136955 -0.160963 0.103880 -0.172615
0.476168 0.141024 -0.049300 0.502857 -0.018721 -0.176721 0.321784 -0.485465 0.088470 0.154354 0.716924 -0.024295 0.354680 0.638691 -0.076495 0.323007 -0.958679 -0.346766 0.308342 -0.751004 0.184784 0.052429 1.321308 -0.062595 0.059045 0.962569 -0.141306 0.028472 -0.632355 -0.299313 -0.695072 -0.041083 0.467354 -0.983973 1.089095 0.888782 0.111962 -0.298893 -0.406286 0.087399 -0.746766 0.156704 0.376807 -0.916082 1.027305 -0.579137 -0.323686 -1.228262 -0.212703 -0.044247 -0.281312 0.587996 -0.784820 0.227563 -0.464499 0.141024 0.115793 -0.532982 -0.018721 0.005074 -0.272427 -0.485465 0.192758 -0.153402 0.716924 0.029718 -0.359532 0.638691 0.048853 -0.421785 -0.958679 -0.216050 -0.226991 -0.751004 0.278738 -0.070610 1.321308 -0.041001 -0.103634 0.962569 -0.112755 -0.128694 -0.632355 -0.271729 0.812677 -0.041083 0.202735 1.227817 1.089095 0.500599 -0.243620 -0.298893 -0.343879 -0.028815 -0.746766 0.177100 -0.004466 -0.916082 1.094221 0.126274 -0.323686 -1.352066 0.104198 -0.044247 -0.336930 -0.475365 -0.784820 0.414189
0.042799 -0.897211 -0.136579 0.081807 -0.958061 0.020765 0.098981 -0.362700 -0.383690 -0.330351 0.142119 -0.897823 0.319818 -0.027637 0.808811 0.444119 0.034598 0.441895 0.239257 -0.032288 -0.637398 -0.159445 0.082159 -0.956512 0.177179 0.140399 1.014176 0.186671 0.372228 0.505795 -0.682643 1.026795 0.544225 -0.698119 0.201191 0.478796 -0.441504 0.300173 0.181723 0.623826 0.488643 -0.162619 0.244049 0.244827 -1.187734 -0.157232 -0.283911 0.614449 -0.331909 -0.564566 0.466136 0.419582 -0.187547 0.593085 -0.086749 -0.897211 -0.113843 -0.069847 -0.958061 0.047381 -0.223720 -0.362700 -0.327054 0.004879 0.142119 -0.956658 -0.025286 -0.027637 0.869378 -0.267102 0.034598 0.566719 -0.442007 -0.032288 -0.517832 -0.175799 0.082159 -0.953642 0.178761 0.140399 1.013899 -0.003280 0.372228 0.539133 0.827167 1.026795 0.279244 0.819438 0.201191 0.212456 0.476999 0.300173 0.020520 -0.641919 0.488643 0.059527 -0.633915 0.244827 -1.033646 0.357069 -0.283911 0.524187 0.470803 -0.564566 0.325255 -0.192547 -0.187547 0.700517
-0.622548 -0.177521 0.160608 -0.301868 -0.154775 0.040040 0.287672 -0.038417 0.023150 0.702871 -0.688704 -0.062185 -0.091164 -0.093805 0.216473 0.114348 0.102750 0.074234 -0.277679 0.076165 0.076268 -0.576959 0.030147 0.105974 -0.521799 -0.155316 0.142975 -0.489689 0.020933 0.160232 -0.712736 0.111453 -0.626783 -0.556403 0.054351 -0.454031 -0.960629 0.095988 -0.060747 -0.414583 0.757623 0.321801 1.601544 -0.299412 -0.040198 1.503129 -0.419368 -0.627835 0.370916 0.189907 -0.866423 0.392308 0.408355 -0.087226 0.640033 -0.177521 -0.060983 0.297462 -0.154775 -0.065146 -0.262596 -0.038417 0.119725 -0.682040 -0.688704 0.180875 0.159430 -0.093805 0.172492 -0.082236 0.102750 0.108736 0.287055 0.076165 -0.022846 0.578564 0.030147 -0.096827 0.539300 -0.155316 -0.043254 0.514986 0.020933 -0.016094 0.456706 0.111453 -0.832027 0.368542 0.054351 -0.616364 0.882532 0.095988 -0.384233 0.499387 0.757623 0.161394 -1.519518 -0.299412 0.507568 -1.627088 -0.419368 -0.078463 -0.643785 0.189907 -0.688336 -0.398565 0.408355 0.051577
-0.326360 0.414199 0.010988 -0.051777 0.378058 -0.090665 -0.078773 1.159934 -0.419272 0.390722 -0.811562 -0.000802 0.213485 -0.463047 -0.005684 -0.079278 1.152725 0.175529 -0.390834 1.081765 -0.308490 -0.092575 -0.824915 -0.177156 -0.288105 -0.842861 -0.119139 -0.282627 0.016026 0.321006 0.133503 -2.029878 0.308955 -0.438601 0.441339 0.511763 -0.520754 -0.113366 -0.172194 1.196862 -0.143413 -0.062326 -0.112730 0.800178 0.444221 -0.700073 0.841268 -0.304561 0.361501 0.860622 0.009267 1.123750 -0.342158 0.372901 0.310597 0.414199 -0.100801 0.017809 0.378058 -0.102878 -0.068707 1.159934 -0.421038 -0.367644 -0.811562 0.132296 -0.202662 -0.463047 0.067352 0.134312 1.152725 0.138043 0.262428 1.081765 -0.423142 0.026716 -0.824915 -0.198092 0.230317 -0.842861 -0.210125 0.375046 0.016026 0.205581 -0.020318 -2.029878 0.335951 0.586655 0.441339 0.331824 0.430995 -0.113366 -0.339232 -1.146556 -0.143413 0.348958 0.257260 0.800178 0.379286 0.554524 0.841268 -0.524750 -0.336740 0.860622 0.131812 -0.929609 -0.342158 0.733277
0.550886 1.069279 -0.214922 0.479379 1.188048 -0.046098 -0.143845 -0.743567 -0.250491 -0.236887 -0.252477 -0.010120 0.283401 -0.600253 0.051433 -0.167979 0.135919 0.473349 -0.292945 -0.028021 -0.459194 0.044180 -0.593278 -0.133439 -0.282067 -0.010694 0.403808 -0.321702 0.669684 0.430774 -0.655906 1.687215 0.269764 0.224140 -1.176786 -0.359704 0.637459 -0.018999 0.183598 -0.285729 0.521016 -0.082911 -0.673980 0.808234 0.536834 0.519649 0.491288 -0.616006 -0.230093 0.921905 -0.682350 0.497866 -1.822636 0.090574 -0.591149 1.069279 -0.014488 -0.466427 1.188048 0.119896 0.049950 -0.743567 -0.284503 0.219283 -0.252477 -0.090180 -0.248950 -0.600253 0.144864 0.319126 0.135919 0.387859 0.119071 -0.028021 -0.531505 -0.086979 -0.593278 -0.110420 0.402715 -0.010694 0.283625 0.449164 0.669684 0.295482 0.708568 1.687215 0.030291 -0.333232 -1.176786 -0.261882 -0.536843 -0.018999 0.389695 0.240420 0.521016 -0.175253 0.816505 0.808234 0.275245 -0.698357 0.491288 -0.402239 -0.016014 0.921905 -0.719922 -0.437269 -1.822636 0.254696
0.253968 0.789228 0.005227 0.051102 0.912243 -0.124231 -0.608163 0.578822 -0.305593 -0.406967 0.301708 -0.285469 0.054895 0.136211 0.058716 0.025984 0.133928 0.210718 0.142880 -0.091402 -0.339431 0.379821 -0.579967 -0.186020 0.235506 -0.708150 -0.069728 -0.029939 -0.875511 0.282513 -0.566677 -1.340321 0.900158 -0.201878 0.906007 0.564216 0.884925 0.205471 -0.126273 -0.698000 0.707973 -0.029139 0.156590 0.241051 0.006578 1.412092 -0.473093 -0.466208 0.439578 -0.337501 0.890398 -0.831460 0.773394 0.451512 -0.237010 0.789228 0.091397 -0.090352 0.912243 -0.099404 0.467756 0.578822 -0.494423 0.285436 0.301708 -0.406990 -0.031620 0.136211 0.073900 0.047323 0.133928 0.206973 -0.249925 -0.091402 -0.270491 -0.420466 -0.579967 -0.045565 -0.245176 -0.708150 0.014634 0.124352 -0.875511 0.255434 0.839334 -1.340321 0.653395 0.381942 0.906007 0.461752 -0.875038 0.205471 0.182611 0.646362 0.707973 -0.265083 -0.144992 0.241051 0.059507 -1.486455 -0.473093 0.042505 -0.110106 -0.337501 0.986871 0.935520 0.773394 0.141397
-0.321425 -0.700464 0.070918 0.088658 -0.748778 0.005130 0.370136 0.441773 0.287595 0.890392 -0.027381 0.041692 0.172344 0.275521 -0.195843 -0.020315 0.212020 -0.345495 -0.230698 0.084832 0.495299 -0.107674 0.203153 0.161023 -0.223773 -0.099678 -0.117485 -0.396626 -0.135173 -0.130354 -0.591524 -0.007935 -0.049702 -0.500138 0.599300 0.135007 1.113840 -1.418754 -0.007360 -0.338919 -1.189499 -0.106206 -1.399863 0.412336 -0.820253 0.893564 -0.722691 0.715160 0.000653 0.899672 -0.288550 0.707257 0.117369 0.469135 0.326364 -0.700464 -0.042773 -0.081613 -0.748778 0.035013 -0.250083 0.441773 0.396447 -0.822982 -0.027381 0.342400 -0.228733 0.275521 -0.125451 -0.098548 0.212020 -0.331765 0.385571 0.084832 0.387140 0.156071 0.203153 0.114734 0.170393 -0.099678 -0.186664 0.328533 -0.135173 -0.257624 0.539248 -0.007935 -0.248159 0.516221 0.599300 -0.043370 -1.049779 -1.418754 0.372368 0.282498 -1.189499 -0.215269 1.036887 0.412336 -1.247917 -0.596633 -0.722691 0.976698 -0.098872 0.899672 -0.271083 -0.505237 0.117369 0.681935
-0.294313 0.342870 0.172218 -0.303769 0.414342 0.102066 0.007812 0.462720 0.363581 -1.446091 0.923427 -0.034697 0.342468 -0.713952 -0.151931 0.025031 -0.591486 -0.158939 0.313402 -1.004619 0.232110 -0.036827 -0.897524 0.236003 0.263368 -1.119385 -0.311687 -0.029877 -0.643881 -0.174599 -0.023820 1.058735 -0.328783 0.523526 -0.285597 0.835108 -0.473664 0.250045 0.015011 -0.152489 -0.880275 0.003841 0.323547 -0.128525 -0.165182 0.048143 0.316732 0.146669 0.081955 1.157261 -0.493369 0.885415 1.222490 1.113184 0.335368 0.342870 0.061705 0.320370 0.414342 -0.007475 0.116462 0.462720 0.344512 1.347852 0.923427 -0.525051 -0.373737 -0.713952 -0.026232 -0.077657 -0.591486 -0.140916 -0.215633 -1.004619 0.324959 0.114990 -0.897524 0.209358 -0.353764 -1.119385 -0.203377 -0.031363 -0.643881 -0.174338 -0.089562 1.058735 -0.317245 -0.207864 -0.285597 0.963471 0.450467 0.250045 -0.147180 0.144684 -0.880275 -0.048315 -0.360459 -0.128525 -0.045135 0.004679 0.316732 0.154297 -0.245060 1.157261 -0.435976 -0.453435 1.222490 1.348160
-0.691209 0.444368 0.053754 -0.936290 0.432281 -0.052324 0.094885 -0.432359 -0.013412 0.577603 -0.750641 0.113954 -0.656886 0.201753 -0.087712 0.044454 0.341590 -0.020453 0.399589 0.078497 -0.203981 0.373352 -0.108282 -0.134424 0.278561 0.235825 0.004539 0.256553 0.715623 -0.041864 0.770799 0.124187 -0.106453 -0.077725 -0.262417 0.957360 0.942578 -1.373078 -0.011896 -0.917208 1.013748 0.000266 1.111051 -0.187362 -0.184872 -0.436558 0.335958 0.138203 -1.004563 0.590896 0.263780 0.303388 -0.713938 0.697940 0.668204 0.444368 -0.184831 0.862516 0.432281 -0.368026 -0.093781 -0.432359 0.019700 -0.504279 -0.750641 0.303831 0.587760 0.201753 -0.306155 -0.048762 0.341590 -0.004093 -0.445168 0.078497 -0.055721 -0.396814 -0.108282 0.000745 -0.260367 0.235825 0.099124 -0.255476 0.715623 0.048000 -0.760983 0.124187 0.162384 0.399084 -0.262417 0.873677 -0.890297 -1.373078 0.309785 0.862483 1.013748 -0.312080 -1.107603 -0.187362 0.204516 0.457529 0.335958 -0.018715 1.034349 0.590896 -0.094061 -0.047592 -0.713938 0.759539
-0.763491 0.543499 0.040527 -0.638945 0.578645 0.026423 0.250431 0.307887 -0.083809 1.210231 -0.279759 -0.341652 0.039446 0.206801 -0.100002 0.374581 -1.002507 -0.237187 0.237447 -0.835701 0.010021 0.120203 -0.087818 -0.130175 -0.049599 -0.112100 -0.052302 0.070395 -0.581567 0.042728 -1.114223 0.043621 1.366642 1.325318 0.038225 -1.150088 -0.153893 0.472759 0.201628 0.034181 -0.351011 -0.172593 0.072893 -0.035423 0.085877 -0.534303 0.263121 0.069079 -0.535042 0.098320 0.355055 0.331769 0.576384 0.124498 0.731662 0.543499 -0.221882 0.609756 0.578645 -0.192732 -0.264004 0.307887 0.006478 -1.254243 -0.279759 0.090878 -0.071141 0.206801 -0.080593 -0.432962 -1.002507 -0.095458 -0.219844 -0.835701 0.090279 -0.157347 -0.087818 -0.081463 0.028825 -0.112100 -0.066066 -0.051638 -0.581567 0.064145 1.513006 0.043621 0.905548 -1.637744 0.038225 -0.630053 0.213355 0.472759 0.137173 -0.090910 -0.351011 -0.150639 -0.039294 -0.035423 0.105566 0.525894 0.263121 -0.116992 0.623970 0.098320 0.151641 -0.269546 0.576384 0.230033
0.193313 0.528788 0.091699 0.176764 0.649214 -0.154867 0.427830 -0.478753 -0.343136 0.803336 -0.362508 -0.261246 -1.351645 0.926904 0.406626 0.216124 -0.585819 0.246020 0.320421 -0.779231 -0.469745 0.155296 -0.761506 -0.165175 -0.289722 -0.346609 0.341213 0.306753 -1.088967 0.324735 -0.121941 0.503746 -0.711460 -0.777742 -0.252826 0.397503 0.339422 0.478924 0.091421 -0.155274 -0.348465 -0.024639 -0.449915 0.277107 -0.055799 -0.700139 1.112395 0.162716 1.081746 0.139417 -0.634572 -0.339514 1.296209 -0.166633 -0.150535 0.528788 0.152046 -0.218936 0.649214 -0.085420 -0.519107 -0.478753 -0.176943 -0.844286 -0.362508 0.027922 1.409331 0.926904 -0.077942 -0.119432 -0.585819 0.304912 -0.461230 -0.779231 -0.332560 -0.202261 -0.761506 -0.102422 0.388598 -0.346609 0.222163 -0.177840 -1.088967 0.409784 -0.127616 0.503746 -0.710464 0.866620 -0.252826 0.108908 -0.288006 0.478924 0.201538 0.137604 -0.348465 -0.076041 0.404025 0.277107 -0.205671 0.713704 1.112395 -0.085422 -1.233183 0.139417 -0.228289 0.262481 1.296209 -0.272287
0.409094 0.766483 -0.006895 0.611999 0.653046 0.035009 -0.060645 0.159035 0.323137 0.220771 -0.025583 -0.229389 1.234357 -1.138447 -0.082737 -0.192577 -0.059150 -0.127479 -0.585320 0.337004 0.364623 -0.737617 0.411604 0.042350 -0.091128 -0.122125 0.173942 -0.393153 -0.000249 -0.244962 -0.433014 -0.547587 -0.108957 -0.117025 -0.153837 -0.133287 0.943219 -0.240745 0.165249 -0.536312 0.947211 -0.104521 0.742664 0.060145 -0.506839 -1.315620 0.262040 0.593981 0.341508 -1.240820 -0.780368 -0.199769 0.889184 0.372616 -0.386993 0.766483 0.132823 -0.563502 0.653046 0.241317 0.167056 0.159035 0.283174 -0.285689 -0.025583 -0.140502 -1.188761 -1.138447 0.342535 0.137659 -0.059150 -0.185437 0.674501 0.337004 0.143517 0.707956 0.411604 -0.211357 0.144913 -0.122125 0.132515 0.286242 -0.000249 -0.364200 0.370033 -0.547587 -0.249896 0.064644 -0.153837 -0.165171 -0.830577 -0.240745 0.476561 0.468669 0.947211 -0.280901 -0.870870 0.060145 -0.223654 1.439258 0.262040 0.110484 -0.586831 -1.240820 -0.617439 0.314714 0.889184 0.282321
1.428713 -0.663896 -0.403849 1.412234 -0.436874 -0.123977 -0.033388 0.780981 -0.152206 -0.045782 -0.131475 0.055426 -1.584532 0.790281 0.083698 -0.504315 0.048904 -0.116252 -0.243965 -0.320934 -0.014894 -0.770879 -0.344953 0.405865 -0.286535 -0.567595 -0.250695 -0.259387 0.270331 -0.035036 -0.012597 -0.009471 0.532808 0.618561 0.051059 -0.239436 -0.090522 -0.662972 0.001508 -0.153962 0.072617 0.008344 0.795078 0.046999 -0.180098 -0.124673 -0.150076 0.095812 -0.494888 0.275059 0.328625 0.568160 0.317642 0.406529 -1.480848 -0.663896 0.106796 -1.370051 -0.436874 0.364331 -0.020437 0.780981 -0.154479 0.061920 -0.131475 0.036524 1.518335 0.790281 -0.460874 0.434589 0.048904 -0.281035 0.224313 -0.320934 -0.097080 0.863015 -0.344953 0.119107 0.184043 -0.567595 -0.333284 0.231955 0.270331 -0.121270 0.193277 -0.009471 0.496675 -0.663126 0.051059 -0.014492 0.085625 -0.662972 -0.029407 0.147602 0.072617 -0.044582 -0.808888 0.046999 0.101408 0.149848 -0.150076 0.047632 0.577216 0.275059 0.140464 -0.395772 0.317642 0.575705
0.390937 0.718176 0.001716 0.077639 0.618754 -0.021675 -0.560856 0.280172 0.304223 1.147486 -0.692735 -0.474679 -0.289227 -0.092227 0.144893 -0.864903 -0.331223 -0.108636 -0.390556 -0.288533 0.451240 0.235715 0.535528 -0.428059 0.786893 0.082059 0.029048 -0.187413 0.049381 -0.248185 0.316245 0.144473 -0.644516 0.288803 -0.429863 0.788218 -0.564617 1.199425 0.059071 0.612751 0.380084 -0.088032 -0.716850 0.060224 0.154261 0.542260 -0.944750 -0.181165 -0.882439 -1.231990 -0.320259 0.073028 0.443856 0.923783 -0.366988 0.718176 0.134737 -0.080380 0.618754 0.006058 0.630932 0.280172 0.095058 -1.240547 -0.692735 -0.055565 0.321281 -0.092227 0.037745 0.776220 -0.331223 -0.396663 0.520873 -0.288533 0.291278 -0.367392 0.535528 -0.322210 -0.729973 0.082059 0.295267 0.091699 0.049381 -0.297171 -0.516817 0.144473 -0.498309 -0.003136 -0.429863 0.839455 0.550989 1.199425 -0.136725 -0.606108 0.380084 0.125885 0.726538 0.060224 -0.099062 -0.571543 -0.944750 0.014315 0.720645 -1.231990 -0.601610 0.245906 0.443856 0.893442
-0.104273 0.705498 -0.249975 0.267979 0.753983 0.082384 0.513004 0.421352 -0.156236 -0.068920 -0.499515 -0.055662 0.231383 -1.042936 -0.104935 0.973363 -1.398468 -0.219295 0.259305 -0.851599 -0.180790 -1.074100 0.059477 0.038479 -1.160068 0.536566 0.503462 0.038897 0.580813 -0.033592 0.839136 0.052424 -0.234423 0.146777 0.372327 0.478223 -0.208220 -1.256086 -0.045054 0.374697 0.762814 -0.030233 -0.585379 0.713846 0.226768 0.358576 -0.569736 -0.244405 -0.444585 -0.035523 0.653161 -0.082759 1.173003 -0.417745 0.012919 0.705498 -0.270542 -0.223910 0.753983 0.168713 -0.535547 0.421352 0.027791 0.045847 -0.499515 -0.075804 -0.253287 -1.042936 -0.019872 -0.989866 -1.398468 0.125264 -0.305371 -0.851599 -0.081686 1.023010 0.059477 -0.329576 1.262178 0.536566 0.078343 -0.048011 0.580813 -0.018339 -0.868812 0.052424 0.065332 0.024841 0.372327 0.499624 0.180434 -1.256086 -0.113266 -0.362598 0.762814 0.099167 0.627614 0.713846 0.013880 -0.420372 -0.569736 -0.107695 0.640431 -0.035523 0.462734 -0.064439 1.173003 -0.420960
0.077445 0.349766 -0.115121 -0.135199 0.480211 0.175919 -0.171265 -0.064902 0.369469 -0.127801 0.506469 -0.264307 -0.286616 0.682006 0.132381 -0.072780 -0.109199 -0.280769 0.375185 -0.352994 0.260453 0.693795 0.014988 -0.320843 0.492705 0.005489 -0.063262 -0.354970 0.574592 0.076673 -0.583216 -0.032750 -0.008449 0.622838 0.514894 -0.012767 -0.919880 -2.903861 -0.167592 0.610558 1.192322 0.127019 -0.092403 0.728294 0.008075 -0.263420 -0.626411 0.251116 1.045581 0.084448 -0.649879 -0.658838 -0.543278 0.166718 -0.112018 0.349766 -0.081869 0.187023 0.480211 0.119367 0.286842 -0.064902 0.289068 0.030161 0.506469 -0.292030 0.314565 0.682006 0.026870 -0.027178 -0.109199 -0.288772 -0.264072 -0.352994 0.372646 -0.761585 0.014988 -0.065415 -0.484801 0.005489 0.108297 0.359865 0.574592 -0.048784 0.545484 -0.032750 -0.206542 -0.589962 0.514894 0.200087 0.807835 -2.903861 -0.470817 -0.530816 1.192322 0.327337 0.089630 0.728294 -0.023872 0.333188 -0.626411 0.146408 -1.204392 0.084448 -0.254996 0.676235 -0.543278 -0.067596
0.283389 -0.460714 -0.297067 0.267854 -0.449893 -0.099282 -0.315058 -0.007700 0.283081 0.190490 0.028107 -0.051096 0.365653 -0.228437 -0.131648 -0.417208 -0.155458 -0.266629 -0.254115 -0.286478 0.188770 1.699738 -1.121113 -0.555025 -1.762602 1.526190 0.864761 -0.561634 0.154264 -0.076988 0.173888 -0.400107 -0.189666 0.373516 0.036120 0.113451 -0.109373 0.295892 0.010305 -0.140618 -0.628395 -0.018267 0.446274 -0.435622 -0.062775 -0.084499 0.117923 -0.002858 0.066842 0.673865 0.166143 -0.354751 0.299241 0.505375 -0.367611 -0.460714 -0.182813 -0.285654 -0.449893 -0.002138 0.392625 -0.007700 0.158879 -0.196505 0.028107 0.016824 -0.388629 -0.228437 0.000733 0.301481 -0.155458 -0.392763 0.303209 -0.286478 0.090956 -1.787154 -1.121113 0.056945 1.951733 1.526190 0.212873 0.501852 0.154264 -0.263636 -0.228081 -0.400107 -0.119118 -0.312560 0.036120 0.233861 0.106346 0.295892 -0.027555 0.125994 -0.628395 -0.065059 -0.440979 -0.435622 0.092943 0.078476 0.117923 -0.031462 -0.006272 0.673865 0.178975 0.505641 0.299241 0.354371
0.104224 0.205336 -0.022473 -0.482573 0.443302 0.277853 -0.004131 1.346542 0.275600 -0.726271 0.200032 0.321823 -0.653612 0.110102 0.124284 0.192244 -0.415166 -0.133272 0.710784 -0.385645 0.151724 0.794299 -0.864583 0.002784 -0.423967 0.251859 -0.079368 0.130515 1.019187 -0.380750 0.128603 -0.613698 0.464640 -1.012025 -0.143996 -0.806267 0.358584 0.603879 0.032711 0.009921 1.002521 0.007659 -0.350315 -0.309373 -0.114781 -0.036933 -0.890983 0.172170 -0.167689 -1.554446 -0.860929 1.166436 0.076200 -0.220682 -0.105647 0.205336 0.014361 0.548348 0.443302 0.096920 0.097732 1.346542 0.257722 0.792455 0.200032 0.055278 0.656872 0.110102 -0.105714 -0.226137 -0.415166 -0.059843 -0.616639 -0.385645 0.384694 -0.745881 -0.864583 0.273095 0.371603 0.251859 -0.218995 -0.252369 1.019187 -0.313551 0.037304 -0.613698 0.480663 0.676990 -0.143996 -1.102700 -0.326015 0.603879 0.152862 -0.006720 1.002521 0.010579 0.290293 -0.309373 -0.227212 0.093354 -0.890983 0.149304 -0.135499 -1.554446 -0.866579 -1.171873 0.076200 0.189706
0.167518 -0.534895 0.244985 -0.103318 -0.519800 -0.188935 -0.870016 0.846601 -0.480343 -0.110205 -0.892810 0.675060 -0.170532 0.097858 -0.047953 1.187285 0.288377 0.011362 1.049126 0.602919 -0.459473 -0.395941 0.770472 0.427711 -0.654857 0.703173 -0.203227 0.174152 -0.045754 -0.005175 -0.965835 -0.487428 -0.680435 1.024317 -0.471103 0.564525 0.121576 0.698929 -0.030463 -0.059507 0.208856 0.016128 -0.302649 -0.225096 -0.006441 -0.152979 -0.314813 0.122018 0.198411 -0.306515 -0.542027 -0.321514 -0.724561 0.852538 -0.074084 -0.534895 0.287387 0.032806 -0.519800 -0.212825 0.654452 0.846601 -0.747897 0.333493 -0.892810 0.597189 0.144011 0.097858 -0.103157 -1.112459 0.288377 0.414981 -1.142887 0.602919 -0.074761 0.517923 0.770472 0.267322 0.546517 0.703173 -0.414075 -0.165507 -0.045754 0.054437 0.676409 -0.487428 -0.968659 -0.770866 -0.471103 0.879590 -0.124684 0.698929 0.012757 0.061442 0.208856 -0.005099 0.282369 -0.225096 -0.109115 0.185386 -0.314813 0.062633 -0.371126 -0.306515 -0.442070 0.592608 -0.724561 0.692104
0.196978 -0.312879 -0.076121 -0.063072 -0.357460 0.178124 -1.686792 0.839071 -0.346492 0.509725 -0.187120 0.156226 0.190226 -0.466744 -0.347716 0.483244 -1.763593 0.428801 -0.217418 -1.151879 -0.249421 0.075995 0.749575 0.081058 0.687499 0.340296 -0.408318 -0.601840 0.937932 0.874791 0.840316 0.209176 0.301915 -0.723528 -0.003278 -0.493412 -0.048645 -0.074800 0.022050 -0.121928 -0.420200 0.021169 0.186507 -0.163578 -0.221868 -0.030068 0.499430 0.138174 0.494599 0.931853 -0.140781 -0.071467 0.041083 0.213789 -0.211127 -0.312879 -0.004497 0.119958 -0.357460 0.146001 1.467994 0.839071 -0.900176 -0.426063 -0.187120 0.320462 -0.297262 -0.466744 -0.262158 -0.308347 -1.763593 0.567730 0.119490 -1.151879 -0.308550 -0.043851 0.749575 0.102092 -0.785453 0.340296 -0.149806 0.863758 0.937932 0.617569 -0.687287 0.209176 0.570018 0.512269 -0.003278 -0.710302 0.053247 -0.074800 0.004167 0.121850 -0.420200 -0.021615 -0.250912 -0.163578 -0.145098 0.075323 0.499430 0.119677 -0.512979 0.931853 0.036055 0.139996 0.041083 0.176677
-0.036951 -0.172665 0.330474 0.004906 -0.348970 -0.294100 -0.059757 0.128574 -0.781843 -0.086288 0.225060 0.744197 0.246998 -0.105573 -0.480853 -0.531800 -0.169728 1.189498 -0.754321 -0.120390 -0.498685 0.931400 0.446508 0.415173 -0.222851 0.914333 -0.629346 0.297232 -1.731369 0.492408 -0.303667 0.630308 -0.260197 0.256702 0.180337 0.209842 -0.138172 -1.177916 0.027765 0.161944 1.079781 -0.030483 -0.042436 0.264294 -0.166627 -0.050283 -0.036995 0.084054 -0.444251 -0.938024 -0.011845 0.806811 1.035050 -0.442956 0.147277 -0.172665 0.298141 -0.104760 -0.348970 -0.274853 -0.210050 0.128574 -0.755466 0.334547 0.225060 0.670338 -0.395978 -0.105573 -0.368007 0.905069 -0.169728 0.937319 0.539426 -0.120390 -0.725746 -0.734360 0.446508 0.707524 -0.004774 0.914333 -0.667620 -0.111792 -1.731369 0.564194 0.196916 0.630308 -0.348052 -0.169904 0.180337 0.284714 0.139369 -1.177916 -0.020945 -0.162646 1.079781 0.026484 -0.016841 0.264294 -0.171119 0.075900 -0.036995 0.061908 0.413668 -0.938024 -0.162415 -0.909429 1.035050 -0.141746
-0.115971 0.152422 0.203554 0.313578 0.297336 0.107109 -0.568319 1.665607 0.110186 0.166549 0.474807 -0.352505 0.238027 0.665752 0.636092 0.409055 -0.455417 -0.117078 0.260248 -0.245303 0.548753 0.291020 -0.329701 -0.240244 0.043835 -0.674228 -0.061787 -1.020597 -0.576135 -0.144085 -0.410188 0.252634 -0.976670 0.199888 -0.276581 0.609759 0.186396 0.034094 0.065599 -0.188119 -0.238292 -0.045464 0.432073 0.580003 -0.247483 -0.044508 0.726552 0.176246 -0.469722 -0.440777 0.677636 0.398716 -1.277765 -1.605236 0.178355 0.152422 0.151898 -0.258364 0.297336 0.207488 0.571875 1.665607 -0.089925 -0.276631 0.474807 -0.274724 -0.007198 0.665752 0.679130 -0.424476 -0.455417 0.029212 -0.057832 -0.245303 0.604578 -0.355436 -0.329701 -0.126788 -0.062255 -0.674228 -0.043167 0.910538 -0.576135 -0.483011 0.053095 0.252634 -1.057979 0.019695 -0.276581 0.641384 -0.152918 0.034094 0.125151 0.161395 -0.238292 -0.106805 -0.490524 0.580003 -0.085562 0.101864 0.726552 0.150557 0.672400 -0.440777 0.477187 -0.921507 -1.277765 -1.373528
0.396503 0.328158 0.392305 -0.168634 0.224214 0.052719 -1.087619 1.008814 0.183956 -0.007970 -1.106231 -0.193826 -0.091770 -0.625978 0.473927 -0.153238 0.015643 -0.240700 -0.069300 0.769434 0.457342 -0.170004 0.356948 -0.322798 -0.282889 0.374425 0.470741 1.456110 -1.924384 -1.219230 0.335958 1.125016 0.497195 -0.348609 0.210598 -0.369402 -0.234822 -0.774055 0.039817 -0.026039 0.018636 -0.026411 0.144105 0.024402 -0.130213 0.161189 0.176128 0.075315 0.325430 0.780931 -0.028866 0.082664 -0.499451 -0.116913 -0.239217 0.328158 0.503878 0.176508 0.224214 -0.007855 1.085260 1.008814 -0.197397 -0.058509 -1.106231 -0.184956 0.247668 -0.625978 0.414353 0.062116 0.015643 -0.278496 0.220894 0.769434 0.406412 0.049923 0.356948 -0.361396 0.426281 0.374425 0.346278 -1.784263 -1.924384 -0.650525 -0.146574 1.125016 0.581882 0.201985 0.210598 -0.466035 0.234347 -0.774055 -0.042525 0.015489 0.018636 -0.033699 -0.179833 0.024402 -0.073360 -0.125909 0.176128 0.125703 -0.315811 0.780931 0.083675 -0.117535 -0.499451 -0.081777
0.197713 -0.015109 -0.317750 -0.316061 0.039746 0.033998 -0.190631 0.381272 -0.011496 0.285037 -0.377297 0.229128 0.603247 -0.395592 -0.016687 -1.877991 1.246694 0.168331 1.857315 -1.795888 -0.533757 -0.581607 0.310369 0.256533 0.032223 0.514724 0.380804 -0.030372 0.041595 0.104123 -0.151080 -0.170987 -0.114195 -0.109611 0.155693 -0.053548 -0.034418 -0.122282 0.028483 -0.063185 -0.525098 -0.016454 0.101949 0.406513 -0.051537 -0.034701 -0.050291 0.013390 0.150152 0.086283 0.140687 0.131252 0.145682 -0.447070 -0.294098 -0.015109 -0.231435 0.308749 0.039746 -0.075660 0.175323 0.381272 -0.075723 -0.189979 -0.377297 0.312496 -0.572877 -0.395592 0.189730 1.823076 1.246694 -0.481228 -1.928072 -1.795888 0.130601 0.634204 0.310369 0.043151 0.099375 0.514724 0.369019 0.064013 0.041595 0.087558 0.103165 -0.170987 -0.158816 0.084826 0.155693 -0.087673 0.042060 -0.122282 0.015060 0.053805 -0.525098 -0.036987 -0.113405 0.406513 -0.013741 0.037186 -0.050291 0.000773 -0.093271 0.086283 0.183409 -0.275645 0.145682 -0.375657
-0.217912 -0.006157 -0.221438 0.101550 -0.045228 -0.008653 0.174825 0.877516 -0.096100 0.495843 0.843124 -0.426469 0.366367 0.421160 -0.017256 -0.293644 0.075816 0.324697 -0.107162 -0.490585 -0.067662 -0.282523 -0.594166 0.417592 -0.329984 -0.573703 -0.204104 0.067455 -0.521095 0.035974 0.169566 0.443159 -0.151851 -0.035379 -0.162120 0.122719 0.227739 0.658621 -0.028543 0.418326 2.133126 -0.091533 -0.357489 -2.538331 -0.080549 -0.447327 -1.565865 0.165242 0.297335 1.744858 0.205310 -0.244728 -0.749504 -0.105670 0.129484 -0.006157 -0.282408 -0.098428 -0.045228 0.026444 -0.197101 0.877516 -0.030825 -0.611432 0.843124 -0.232135 -0.350347 0.421160 0.108532 0.386661 0.075816 0.205300 0.077717 -0.490585 -0.100109 0.407838 -0.594166 0.296429 0.240761 -0.573703 -0.304273 -0.051174 -0.521095 0.056794 -0.211141 0.443159 -0.085035 0.075054 -0.162120 0.103338 -0.223848 0.658621 0.050714 -0.424494 2.133126 0.056387 0.308696 -2.538331 -0.197468 0.476862 -1.565865 0.003042 -0.209652 1.744858 0.294290 0.194119 -0.749504 -0.182691
0.243019 -0.036084 0.356386 0.073314 0.207853 -0.602874 -0.016682 -1.011395 0.159070 -0.651621 -1.671892 -0.062585 -0.512592 -1.099441 0.525875 0.027811 -0.127344 0.271854 0.180608 0.279837 0.287024 0.327254 0.807999 -0.348946 0.759944 0.742223 0.044181 -0.847555 0.557726 -0.490674 -0.661944 -0.719754 -0.072166 0.252385 0.023606 0.079539 0.225782 0.120056 0.074794 0.058007 0.569352 -0.090237 -0.321832 -1.352152 -0.064110 -0.087131 -0.010416 0.086785 0.256999 1.512481 0.431144 0.650493 1.323278 -0.797873 -0.107137 -0.036084 0.417840 -0.274225 0.207853 -0.541879 0.069852 -1.011395 0.143882 0.591366 -1.671892 -0.280737 0.661030 -1.099441 0.319897 0.066424 -0.127344 0.265077 -0.072076 0.279837 0.331371 -0.426520 0.807999 -0.216654 -0.699482 0.742223 0.300319 0.629816 0.557726 -0.749962 0.597810 -0.719754 -0.293261 -0.210217 0.023606 0.160729 -0.186819 0.120056 0.147208 -0.085268 0.569352 -0.065091 0.280767 -1.352152 -0.169870 0.111476 -0.010416 0.051929 -0.094825 1.512481 0.492891 -0.883312 1.323278 -0.528681
0.203437 -0.223858 -0.441659 -0.392120 0.318154 0.094268 0.386202 0.907720 -0.587445 -0.015693 0.233173 0.183992 0.011441 -0.175267 0.049535 -0.555814 -1.402073 0.241348 -0.982246 -0.500930 0.256456 -0.065508 -0.465194 0.286024 0.457227 0.531205 0.386240 1.645432 1.813677 -0.354402 -1.098008 -1.048311 -0.605910 0.122868 0.033560 0.423293 -0.017983 0.128560 -0.021470 -0.134594 -0.391212 -0.005366 0.147577 0.049196 -0.139145 0.144029 0.411825 0.146139 0.211629 0.454002 0.183531 -0.074831 -0.499394 -0.228553 -0.341674 -0.223858 -0.345989 0.400785 0.318154 -0.044892 -0.563160 0.907720 -0.420826 0.077408 0.233173 0.167652 0.006111 -0.175267 0.050470 0.604781 -1.402073 0.037657 1.010873 -0.500930 -0.093348 0.158991 -0.465194 0.246623 -0.298378 0.531205 0.518853 -1.667777 1.813677 0.227086 0.826061 -1.048311 -0.943596 0.028616 0.033560 0.439834 0.009597 0.128560 -0.026310 0.124723 -0.391212 -0.050878 -0.186139 0.049196 -0.080576 -0.085657 0.411825 0.186450 -0.136485 0.454002 0.244627 -0.007469 -0.499394 -0.240375
1.319043 -0.793566 -0.616931 -1.513039 0.623539 -0.653051 -0.417709 -0.824225 0.018252 0.183746 -0.108474 0.948869 0.897045 1.495893 0.715650 0.100786 -0.267579 -0.842381 -0.291155 0.295970 -0.027738 -0.313351 -0.423002 0.084605 -0.191149 -0.906782 0.204651 -0.183956 -0.069282 0.238261 0.077650 0.207903 0.025088 0.023687 -0.003306 0.081505 -0.042524 -0.344320 -0.046782 0.182556 0.440585 0.033921 -0.219774 -0.642644 0.004115 0.131877 0.638790 0.019811 -0.122164 -0.187618 0.095470 0.323769 0.676993 -0.108034 -1.450291 -0.793566 -0.130897 1.200235 0.623539 -1.129247 0.398960 -0.824225 -0.125078 0.150347 -0.108474 0.954731 -0.599738 1.495893 0.978345 -0.381612 -0.267579 -0.757717 0.264309 0.295970 -0.125225 0.323433 -0.423002 -0.027155 0.249414 -0.906782 0.127330 0.254096 -0.069282 0.161381 -0.064466 0.207903 0.050030 0.005483 -0.003306 0.084700 0.024052 -0.344320 -0.058467 -0.160094 0.440585 0.094059 0.208040 -0.642644 -0.070969 -0.117250 0.638790 0.063534 0.147372 -0.187618 0.048165 -0.341208 0.676993 0.008674
0.020800 0.009700 0.007200 0.005700 0.004700 0.003300 0.002100 0.001600 0.001000 0.000900 0.000800 0.000800 0.000700 0.000600 0.000500 0.000500 0.000400 0.000400 0.000400 0.000300 0.000300 0.000300 0.000300 0.000300 0.000200 0.000200 0.000200 0.000200 0.000200 0.000200 0.000200 0.000100 0.000100 0.000100 0.000100 0.000100 0.000100 0.000100 0.000100 0.000100 0.000100 0.000100
-0.000007 0.999988 0.004934 1.350000
