0000001_0000011_1 792 765 751 770 744 774 750 751 759 750 755 773 785 768 789 749 797 747 797 764 799 760 799 744 796 729 788 708 757 705 757 727 740 741 733 775 706 765 647 769 638 774 638 751 653 750 660 771 699 767 699 750 710 749 713 764 723 760 724 742 726 729 731 708 695 706 667 728 638 742 637 775
0000001_0000011_2 487 771 348 781 317 785 333 751 372 751 369 784 463 776 478 751 499 749 502 771 511 766 514 746 511 726 496 696 402 691 375 720 299 739 296 780 357 772 193 779 163 784 169 752 215 751 227 782 336 775 339 750 366 749 375 770 396 764 402 743 408 726 408 700 314 692 248 722 163 739 157 785
0000001_0000022_1 1511 668 1330 626 1325 624 1325 594 1335 598 1350 635 1476 663 1481 614 1540 620 1555 678 1623 682 1618 610 1623 565 1623 501 1428 511 1359 556 1325 575 1325 620 1765 670 1516 626 1491 624 1506 594 1540 598 1540 631 1706 661 1735 616 1809 622 1823 672 1892 676 1887 612 1882 571 1818 503 1579 519 1550 567 1476 581 1472 620
0000001_0000022_2 1185 590 1155 580 1153 581 1153 564 1155 565 1157 583 1181 589 1180 569 1188 569 1193 587 1200 585 1210 544 1206 541 1203 526 1178 527 1161 546 1155 555 1153 577 1282 587 1229 581 1223 581 1227 564 1237 566 1235 584 1271 588 1277 567 1288 567 1290 586 1290 584 1288 543 1279 540 1261 526 1237 526 1234 546 1216 557 1218 579
0000001_0000022_3 933 593 934 585 935 581 934 563 934 564 934 587 934 591 933 571 933 571 933 591 935 590 935 564 940 544 948 524 946 524 937 546 938 555 936 578 1030 591 1018 583 1015 582 1016 565 1019 567 1018 585 1026 590 1030 570 1034 570 1033 590 1033 587 1027 548 1024 544 1013 524 1005 524 1013 547 1008 556 1013 578
0000001_0000022_4 835 569 816 575 814 587 818 563 821 563 821 584 834 580 836 561 839 559 839 576 838 574 834 542 832 541 822 529 812 528 816 545 808 557 805 590 767 568 736 574 734 582 734 563 738 562 741 580 761 576 761 558 768 558 770 574 777 572 781 543 775 541 774 528 761 528 746 545 736 557 734 582
0000001_0000022_5 599 579 532 588 520 591 526 570 542 568 542 590 590 582 595 565 605 562 607 577 607 574 602 540 596 538 580 528 545 529 538 544 509 561 508 589 515 579 437 587 430 591 430 570 445 569 452 589 505 582 506 565 520 563 526 578 539 575 542 539 535 538 529 528 487 529 457 546 431 561 430 590
0000001_0000025_1 1393 643 1286 613 1284 614 1284 587 1286 590 1292 620 1376 642 1373 603 1404 607 1418 644 1438 639 1457 559 1438 552 1415 520 1342 522 1298 557 1286 572 1284 612 1572 636 1429 612 1413 612 1421 586 1441 589 1443 619 1544 637 1558 603 1589 604 1598 640 1609 637 1603 553 1578 550 1528 520 1452 523 1435 557 1399 572 1401 607
0000001_0000025_2 1145 583 1123 575 1122 580 1122 563 1123 564 1124 582 1142 588 1141 569 1147 569 1151 588 1157 587 1164 546 1164 544 1162 526 1145 528 1132 546 1123 554 1123 579 1239 581 1197 573 1193 578 1194 562 1203 563 1203 581 1232 586 1236 568 1247 568 1247 588 1249 586 1243 546 1234 544 1217 528 1198 529 1198 546 1184 555 1186 577
0000001_0000025_3 908 642 918 615 919 618 913 587 913 590 914 626 909 639 908 605 908 606 908 642 911 641 919 561 921 555 941 519 939 523 926 560 931 574 929 607 1088 642 1049 616 1046 616 1047 593 1054 594 1054 625 1078 641 1085 606 1095 606 1095 642 1095 639 1092 561 1078 557 1054 519 1039 520 1049 564 1039 577 1041 612
0000001_0000025_4 833 572 812 578 807 581 811 567 817 566 815 580 828 575 831 562 834 560 834 572 832 570 831 555 827 544 820 532 808 532 807 549 800 562 803 580 768 571 738 578 737 582 737 567 741 566 744 580 765 574 765 561 771 559 772 571 779 568 785 545 780 543 780 532 765 532 752 548 739 561 737 581
0000001_0000025_5 602 639 406 695 364 711 382 643 443 637 443 691 579 649 593 610 612 603 616 634 616 626 612 560 598 553 556 522 462 520 429 572 336 614 303 713 392 641 125 691 74 707 78 647 163 639 186 688 368 649 364 614 401 607 415 637 453 628 462 566 439 560 420 526 303 522 214 576 69 620 64 711
0000001_0000046_1 1103 663 1088 664 1088 670 1088 655 1088 655 1089 670 1100 671 1099 654 1103 654 1105 669 1108 667 1116 635 1113 634 1114 623 1105 627 1093 642 1089 650 1088 668 1172 664 1145 663 1141 668 1142 655 1147 656 1148 669 1167 671 1170 654 1177 653 1178 667 1179 666 1172 636 1168 634 1155 623 1144 627 1145 642 1136 651 1137 667
0000001_0000046_2 1281 666 1219 665 1218 666 1218 646 1219 645 1225 667 1272 667 1270 639 1287 638 1296 662 1305 659 1318 596 1309 594 1298 579 1253 586 1227 619 1218 635 1218 665 1417 665 1326 669 1315 670 1320 646 1335 646 1335 670 1399 669 1408 640 1428 636 1430 661 1436 656 1427 596 1412 596 1380 579 1339 587 1333 618 1307 637 1307 665
0000001_0000046_3 925 663 926 663 926 665 927 639 926 640 926 666 925 664 924 636 923 635 924 660 926 657 932 601 931 601 943 582 946 589 931 616 938 630 934 663 1050 663 1029 664 1028 664 1030 645 1034 645 1031 665 1045 663 1050 638 1052 636 1052 660 1051 654 1044 604 1040 604 1028 582 1021 592 1028 621 1022 636 1022 663
0000001_0000047_1 1097 679 1083 676 1082 681 1082 668 1083 668 1085 683 1094 684 1092 669 1096 669 1098 683 1102 681 1109 650 1106 650 1108 639 1098 641 1087 655 1083 663 1083 680 1165 678 1143 677 1140 682 1142 669 1147 669 1146 684 1162 684 1164 668 1169 668 1170 682 1169 681 1161 652 1160 650 1150 640 1140 643 1143 655 1135 663 1136 681
0000001_0000047_2 1244 695 1195 689 1193 690 1193 670 1196 671 1200 692 1238 695 1234 670 1249 669 1256 693 1264 690 1275 636 1268 634 1260 615 1225 622 1201 647 1195 661 1193 687 1364 694 1288 693 1279 691 1283 672 1296 673 1297 693 1348 694 1354 671 1370 669 1373 691 1380 687 1372 637 1359 633 1334 615 1297 623 1294 647 1271 662 1272 689
0000001_0000047_3 928 693 931 691 935 693 930 672 930 671 932 694 930 694 928 668 928 668 928 691 930 687 936 636 936 636 946 617 946 620 937 649 941 659 938 692 1039 693 1024 690 1022 692 1022 676 1026 676 1025 693 1035 694 1038 673 1043 670 1042 694 1042 690 1035 642 1033 640 1019 617 1015 621 1020 651 1016 667 1019 689
0000001_0000048_1 1086 690 1074 687 1074 691 1074 680 1074 680 1075 693 1083 695 1082 682 1086 682 1088 694 1092 693 1098 665 1095 664 1096 653 1088 654 1079 667 1075 674 1074 691 1148 690 1129 688 1127 693 1128 681 1132 681 1131 693 1145 694 1147 681 1151 680 1152 694 1152 693 1145 665 1143 664 1132 653 1123 654 1127 668 1120 674 1123 692
0000001_0000048_2 1207 715 1170 706 1168 706 1168 689 1170 690 1172 709 1202 715 1199 693 1210 693 1216 713 1224 711 1231 664 1227 662 1220 645 1195 646 1174 668 1170 679 1168 703 1309 711 1252 705 1245 706 1248 687 1259 689 1259 708 1299 712 1303 691 1315 691 1317 711 1321 708 1317 665 1305 660 1285 645 1256 645 1253 667 1236 679 1239 703
0000001_0000048_3 931 713 934 705 937 700 933 683 932 686 933 706 932 710 930 692 930 692 931 711 933 710 936 686 937 666 949 644 947 648 937 668 940 676 940 697 1030 713 1016 705 1011 698 1012 686 1016 687 1016 704 1025 709 1029 692 1034 692 1033 709 1031 708 1026 669 1024 665 1012 644 1007 647 1012 668 1006 678 1008 696
0000001_0000055_1 941 530 944 515 946 509 944 499 943 503 945 517 942 525 941 515 941 516 941 529 942 528 942 515 943 502 950 481 951 480 946 490 949 493 948 506 1005 528 1000 515 999 511 1000 501 1002 505 1000 517 1004 524 1007 513 1007 515 1007 528 1006 528 1002 503 1001 499 994 482 992 480 999 492 996 496 996 509
0000001_0000055_2 1173 572 1145 546 1144 546 1143 530 1145 534 1147 553 1168 570 1167 553 1175 557 1180 575 1187 574 1196 539 1192 533 1190 513 1170 504 1151 517 1145 519 1144 541 1261 569 1221 544 1215 544 1219 529 1227 532 1225 551 1253 567 1259 550 1268 554 1269 572 1272 572 1271 539 1262 532 1248 512 1229 504 1227 518 1209 518 1210 541
0000001_0000106_1 912 609 919 557 924 557 919 531 916 540 921 571 913 603 912 575 912 582 912 616 915 616 921 550 921 537 937 495 937 486 927 510 930 514 931 550 1081 612 1052 561 1048 560 1051 534 1057 540 1055 572 1075 603 1082 571 1087 582 1085 618 1082 618 1075 548 1070 537 1048 493 1038 486 1051 512 1037 519 1041 554
0000001_0000106_2 533 516 440 539 424 544 428 519 451 515 455 538 517 519 525 498 537 494 541 511 543 507 533 468 527 468 506 456 457 459 445 488 412 506 408 545 430 517 329 538 315 544 315 520 338 517 346 537 418 520 418 500 438 497 443 513 461 507 465 469 453 469 441 457 387 460 350 489 315 510 315 545
0000001_0000123_1 923 668 923 662 923 667 923 637 923 637 924 670 924 672 921 641 921 640 921 670 924 666 925 616 927 608 945 585 940 585 925 612 925 624 924 661 1052 668 1034 664 1029 667 1026 640 1031 641 1034 670 1047 671 1051 643 1057 642 1057 671 1057 667 1052 612 1045 609 1027 585 1018 587 1025 617 1014 630 1015 660
0000001_0000123_2 734 673 659 672 649 690 656 646 677 650 675 688 724 683 732 653 741 653 741 679 739 675 732 622 729 617 708 592 675 586 666 614 635 630 633 688 600 672 482 673 468 690 468 650 496 652 503 688 586 683 586 655 605 654 612 680 630 676 637 623 626 618 621 593 569 587 518 615 473 633 468 690
0000001_0000124_1 918 702 920 698 921 700 921 670 921 670 921 704 921 706 918 675 918 675 918 704 921 701 921 640 924 635 941 609 941 612 926 648 933 658 930 701 1063 704 1042 693 1038 695 1039 670 1043 671 1042 698 1057 705 1063 674 1069 672 1067 704 1064 698 1061 638 1055 635 1035 610 1027 611 1036 646 1030 659 1031 694
0000001_0000125_1 917 741 919 725 919 731 918 698 918 700 919 735 918 744 917 710 917 710 917 744 919 741 930 672 929 668 942 640 941 642 925 673 926 686 925 725 1069 741 1042 723 1038 726 1042 698 1048 700 1045 731 1064 742 1069 712 1075 712 1072 745 1068 744 1067 676 1057 671 1038 641 1029 641 1040 675 1032 686 1032 723
0000001_0000125_2 694 731 595 758 573 766 587 723 617 717 614 758 680 739 691 707 702 704 702 733 705 725 696 675 691 662 672 627 617 622 603 669 549 702 552 765 538 733 390 757 379 766 382 725 409 720 420 757 521 739 524 709 546 704 554 731 576 725 571 689 573 662 571 627 502 624 442 669 387 705 382 766
0000001_0000157_1 1053 416 1047 410 1047 410 1047 402 1047 403 1048 413 1053 416 1051 408 1053 408 1054 416 1056 416 1059 399 1059 397 1061 388 1055 386 1049 394 1048 398 1047 408 1096 416 1085 411 1084 410 1085 402 1087 403 1086 412 1093 416 1095 407 1097 408 1097 417 1097 416 1096 399 1094 397 1089 387 1083 386 1085 395 1080 399 1081 410
0000001_0000157_2 926 583 928 542 929 539 929 516 927 524 928 548 926 578 925 556 926 564 926 588 927 588 926 561 936 537 945 501 944 490 934 503 935 507 933 530 1042 584 1024 543 1023 540 1026 523 1029 528 1025 552 1038 579 1043 555 1046 563 1045 589 1044 590 1040 545 1037 535 1022 500 1018 490 1026 508 1016 508 1016 537
0000001_0000157_3 751 421 732 431 728 431 729 421 733 419 735 427 748 420 749 412 753 410 754 417 756 414 754 400 744 401 739 390 728 393 731 407 724 415 723 432 705 421 680 431 678 431 678 421 683 420 685 428 701 421 701 413 707 410 709 416 713 414 713 401 708 399 708 390 693 394 685 407 679 416 678 431
0000001_0000157_4 596 495 526 528 516 542 516 519 537 509 540 530 588 506 591 485 603 478 605 496 608 489 595 449 588 453 567 446 533 456 526 485 496 513 499 546 501 496 416 526 407 543 407 519 423 510 431 530 489 506 487 487 506 480 511 497 530 489 533 453 520 455 508 447 469 455 435 486 409 514 407 548
0000001_0000163_1 921 627 925 610 929 613 922 587 922 589 925 619 922 630 920 602 920 602 920 632 924 630 925 569 930 564 945 535 944 537 929 565 932 574 932 609 1059 628 1035 607 1032 609 1034 587 1039 589 1037 615 1054 628 1059 600 1064 601 1061 632 1059 630 1054 571 1049 565 1031 537 1025 537 1032 567 1025 578 1026 605
0000001_0000163_2 753 606 689 627 679 635 685 604 701 600 699 628 743 611 749 587 757 583 759 603 763 596 761 574 757 555 743 534 697 534 693 565 668 588 666 633 633 605 541 624 524 632 526 603 551 600 559 627 623 611 623 589 640 584 644 601 660 596 658 574 662 555 666 534 613 534 574 564 524 587 522 635
0000001_0000178_1 1049 735 1043 728 1042 727 1042 720 1042 721 1043 730 1048 734 1047 727 1049 727 1050 735 1053 735 1053 718 1054 717 1054 707 1050 705 1045 712 1043 716 1042 725 1090 735 1079 728 1077 727 1078 719 1081 720 1080 729 1088 733 1089 725 1090 726 1091 735 1091 734 1089 719 1086 715 1082 707 1077 705 1078 712 1074 714 1076 725
0000001_0000178_2 937 761 937 760 937 762 937 745 937 745 937 762 937 762 936 744 936 743 936 760 937 758 940 725 942 723 952 707 950 709 939 730 942 739 942 761 1017 762 1002 758 1001 760 1002 746 1004 746 1004 761 1013 762 1016 746 1019 744 1018 760 1018 758 1015 725 1012 723 1003 707 998 710 1003 731 997 739 998 758
0000001_0000179_1 1048 724 1042 716 1042 715 1042 708 1043 710 1043 718 1048 722 1046 716 1049 717 1049 723 1050 723 1054 708 1053 706 1054 696 1049 694 1045 701 1043 703 1042 713 1089 724 1079 716 1077 715 1078 708 1080 710 1080 717 1087 722 1088 715 1090 716 1090 724 1090 724 1089 709 1086 706 1082 696 1077 693 1079 701 1074 703 1076 713
0000001_0000179_2 937 772 940 762 942 763 939 747 938 750 939 768 938 770 937 755 937 755 937 771 939 770 946 735 946 732 951 718 949 719 943 736 946 744 944 761 1014 772 1001 762 1001 761 1002 750 1004 751 1003 764 1011 770 1015 754 1017 754 1017 771 1015 770 1013 735 1009 732 1001 717 994 718 1001 736 996 742 998 758
0000001_0000188_1 933 493 934 482 934 482 934 464 933 465 935 485 934 492 932 475 932 475 933 494 934 493 934 470 940 451 947 429 947 429 937 448 939 454 937 473 1027 494 1014 481 1013 478 1014 464 1017 465 1015 483 1024 492 1027 474 1030 475 1028 494 1027 494 1024 455 1022 451 1011 429 1007 429 1014 448 1009 455 1010 475
0000001_0000188_2 828 466 808 474 805 478 807 460 811 459 810 476 823 469 826 454 829 453 829 465 826 462 824 434 822 434 814 423 803 423 807 441 800 451 799 477 762 466 735 474 733 477 734 462 736 460 740 475 760 469 758 455 764 454 767 465 773 463 777 436 772 434 771 423 755 423 742 441 735 453 733 477
0000001_0000188_3 682 540 566 599 535 627 549 570 590 557 590 605 672 560 675 520 692 511 692 542 696 533 678 466 672 465 638 448 579 454 566 507 501 562 501 634 501 540 327 584 300 621 300 566 347 553 361 596 480 559 484 522 515 513 521 542 549 533 556 470 535 468 525 450 446 457 378 507 300 559 296 636
0000001_0000192_1 935 596 937 587 937 589 937 572 937 573 939 590 937 597 935 580 935 580 935 597 937 596 937 562 941 558 950 541 950 541 943 557 944 564 943 586 1021 596 1012 588 1010 589 1012 574 1014 575 1012 592 1019 597 1022 580 1024 580 1021 598 1018 596 1017 559 1016 558 1006 541 1004 541 1010 559 1006 568 1007 587
0000001_0000192_2 849 577 833 582 832 589 834 573 838 572 837 588 847 583 850 569 851 568 851 579 848 577 845 552 844 551 837 540 828 540 832 556 823 566 826 589 787 577 761 583 759 591 759 574 762 573 765 588 783 582 782 569 787 568 790 579 796 577 798 553 796 551 797 541 782 540 769 556 760 567 759 591
0000001_0000192_3 709 624 615 654 589 665 600 626 628 619 628 653 692 631 702 604 712 600 715 620 712 616 709 587 704 565 681 542 628 542 610 580 574 606 571 665 571 623 434 653 416 665 418 628 451 620 462 651 559 628 559 605 579 600 587 620 605 615 605 590 605 565 597 543 533 543 480 580 418 616 416 667
0000001_0000205_1 1051 633 1046 621 1046 620 1045 613 1046 614 1047 625 1050 633 1050 625 1051 626 1051 635 1054 635 1057 618 1058 616 1058 604 1054 600 1048 606 1046 607 1046 618 1093 633 1083 621 1081 620 1082 612 1084 614 1084 625 1091 633 1093 624 1095 626 1095 635 1095 635 1093 620 1091 617 1088 606 1082 601 1084 607 1079 607 1079 617
0000001_0000205_2 937 692 945 679 945 679 944 668 943 669 945 682 938 691 937 675 937 676 937 693 939 692 941 658 942 655 948 639 950 640 946 654 949 660 947 677 1015 691 1010 689 1004 680 1006 668 1008 669 1006 685 1014 691 1016 674 1017 675 1017 692 1017 691 1014 659 1012 654 1004 638 1000 639 1005 654 1002 659 1004 677
0000002_0000085_1 1215 747 1168 746 1165 754 1165 730 1168 730 1172 754 1206 756 1202 726 1215 723 1222 753 1233 749 1245 682 1234 685 1225 667 1202 674 1176 704 1167 722 1165 752 1350 747 1277 747 1268 755 1274 731 1288 731 1284 756 1336 758 1345 727 1364 725 1366 754 1373 751 1361 701 1352 685 1348 668 1288 680 1281 707 1261 722 1261 754
0000002_0000097_1 848 566 836 569 834 572 835 559 839 559 837 571 846 568 849 557 850 556 850 566 849 563 847 544 846 540 839 526 831 524 835 542 828 551 830 572 789 566 771 569 770 571 771 558 771 557 773 570 787 567 786 556 791 555 793 565 798 563 798 550 799 538 801 524 789 524 778 540 774 552 771 571
0000002_0000097_2 1179 597 1145 586 1144 592 1144 572 1145 573 1147 594 1172 602 1172 579 1182 580 1185 604 1199 602 1210 548 1204 546 1199 527 1172 528 1150 550 1145 561 1145 589 1297 596 1237 586 1230 590 1234 571 1245 573 1243 595 1285 601 1292 580 1307 580 1308 604 1314 604 1304 548 1294 548 1273 529 1243 529 1239 550 1221 562 1222 588
0000002_0000097_3 740 602 668 623 654 634 661 597 683 593 680 625 731 606 735 580 747 576 747 597 752 589 752 566 750 550 735 520 683 520 678 555 635 580 635 634 618 599 501 623 477 631 480 597 515 593 527 623 604 603 606 581 625 578 630 595 647 590 647 569 649 550 652 523 587 520 544 553 475 581 472 631
0000002_0000105_1 1718 565 1626 564 1612 568 1617 556 1638 556 1640 568 1704 569 1709 556 1728 556 1732 567 1740 566 1734 542 1724 540 1702 530 1656 531 1636 544 1606 551 1599 568 1675 564 1589 563 1576 566 1577 554 1597 555 1602 567 1662 567 1663 556 1684 555 1688 566 1704 565 1704 541 1692 540 1676 531 1630 531 1602 544 1574 550 1574 565
0000002_0000105_2 1098 560 1024 560 1012 563 1015 553 1032 554 1034 562 1086 562 1089 553 1106 553 1110 561 1112 561 1111 550 1108 542 1099 534 1052 533 1033 544 1010 550 1008 562 1091 559 1024 560 1012 562 1016 554 1031 554 1033 562 1079 561 1082 554 1095 554 1099 560 1104 559 1102 551 1100 543 1095 536 1051 536 1031 545 1009 551 1008 562
0000002_0000105_3 1335 589 1432 585 1445 590 1440 570 1422 572 1418 593 1350 596 1344 575 1323 575 1319 595 1317 595 1319 547 1331 544 1360 527 1412 528 1426 550 1459 562 1457 588 1436 597 1529 590 1545 596 1541 575 1519 575 1516 598 1453 603 1451 577 1428 577 1422 602 1407 599 1395 547 1409 545 1424 527 1477 528 1512 552 1537 565 1545 594
0000002_0000105_4 225 591 361 590 387 598 381 574 349 575 338 599 245 599 240 575 209 575 207 596 179 593 176 546 199 546 222 526 290 527 341 551 387 564 397 598 116 597 257 597 280 606 270 578 237 577 235 605 136 604 126 578 103 577 103 601 100 597 103 548 121 547 156 525 222 527 250 552 300 569 306 605
0000002_0000136_1 941 475 946 457 946 457 946 446 944 450 946 462 943 472 942 463 941 467 941 478 944 479 948 455 948 452 953 439 954 432 949 440 951 442 950 454 1001 475 994 456 992 457 994 447 995 451 994 462 999 472 1000 463 1002 467 1001 478 999 479 994 455 995 452 990 440 987 432 991 440 989 442 990 454
0000002_0000136_2 785 424 770 433 766 436 767 427 771 425 771 433 781 427 783 417 785 415 786 422 786 420 783 408 781 406 775 401 766 403 766 415 761 425 762 437 745 423 726 433 725 436 725 427 727 425 730 433 742 425 742 416 746 414 748 422 752 419 752 411 752 405 752 401 741 403 733 414 726 424 725 436
0000002_0000136_3 927 591 932 549 935 546 931 532 929 539 932 559 928 582 927 563 926 573 927 597 928 598 927 572 928 556 944 508 943 506 935 519 939 523 939 543 1037 593 1017 555 1013 552 1017 532 1022 541 1018 561 1031 585 1037 567 1042 575 1042 599 1042 619 1037 558 1032 540 1019 513 1013 506 1021 518 1010 524 1010 547
0000002_0000195_1 757 679 735 681 730 682 733 671 739 672 739 682 753 681 756 671 761 670 761 679 762 678 762 668 761 659 753 647 738 646 737 658 726 665 725 682 709 679 681 680 680 682 680 671 684 671 687 682 705 681 705 671 711 670 713 678 718 677 718 667 720 659 723 647 705 646 691 658 681 665 680 682
0000002_0000195_2 660 687 612 692 602 694 606 679 619 678 619 693 653 690 657 676 664 674 665 686 665 684 665 671 661 659 651 645 620 644 612 661 591 674 595 692 591 688 532 692 531 694 531 680 538 679 544 694 583 690 584 677 596 676 599 687 609 685 610 671 610 659 609 646 575 645 552 662 532 673 532 691
0000002_0000195_3 865 756 874 729 865 696 868 681 868 684 871 760 871 758 865 691 865 693 862 756 865 720 865 621 890 616 918 571 921 583 890 645 912 662 865 693 1180 770 1083 777 1080 772 1077 729 1086 727 1096 775 1142 775 1161 708 1195 705 1208 770 1227 753 1205 626 1142 626 1108 571 1083 585 1083 652 1046 664 1064 768
0000002_0000195_4 500 699 381 708 357 709 369 679 401 678 401 708 482 703 492 679 509 677 509 698 512 694 507 664 502 650 482 621 418 613 396 643 342 665 332 706 379 698 236 705 224 709 226 679 256 681 266 706 364 701 364 678 389 677 399 696 413 693 413 668 411 650 413 624 332 614 278 645 226 665 224 706
0000002_0000230_1 1545 583 1559 580 1562 581 1561 570 1557 570 1558 582 1548 583 1547 572 1544 572 1544 583 1545 583 1546 568 1550 555 1561 542 1568 544 1563 559 1570 566 1564 579 1623 587 1629 584 1629 584 1632 573 1631 573 1628 585 1624 587 1626 574 1624 573 1621 586 1618 584 1613 557 1615 556 1610 542 1616 546 1625 560 1626 568 1628 581
0000002_0000230_2 1735 579 1735 576 1735 581 1735 569 1735 570 1735 580 1735 581 1735 571 1735 571 1735 581 1736 581 1744 557 1744 556 1748 547 1740 547 1736 559 1735 564 1735 580 1809 582 1795 578 1793 579 1794 571 1798 571 1796 581 1806 584 1811 573 1813 573 1813 585 1813 585 1803 558 1802 557 1795 547 1788 547 1794 561 1787 566 1789 578
0000002_0000230_3 1470 576 1451 576 1448 578 1450 567 1454 567 1454 577 1466 576 1469 567 1472 566 1472 574 1471 573 1470 561 1467 552 1462 542 1451 542 1450 554 1444 561 1443 577 1417 574 1395 575 1394 576 1394 566 1396 566 1400 576 1414 575 1414 565 1419 564 1421 573 1426 572 1426 561 1426 552 1426 542 1413 542 1401 553 1396 560 1394 575
0000002_0000230_4 1222 600 1126 611 1106 617 1116 588 1144 587 1142 614 1206 605 1214 581 1230 579 1234 599 1242 592 1242 572 1240 554 1228 531 1154 530 1140 556 1096 576 1090 614 1132 594 1024 602 1010 607 1010 581 1036 581 1044 606 1118 599 1120 577 1140 575 1146 593 1162 589 1164 570 1166 551 1170 530 1090 530 1050 553 1008 572 1006 608
0000002_0000232_1 960 555 960 552 960 553 960 545 960 546 960 554 960 555 960 547 960 547 960 555 961 553 965 538 965 537 967 531 965 531 961 538 961 541 961 551 1001 554 999 552 997 551 997 544 997 544 997 552 1000 554 1001 546 1002 546 1003 555 1001 554 999 539 998 537 993 531 991 531 995 538 993 541 995 550
0000002_0000232_2 826 566 840 563 842 563 841 554 838 554 838 564 830 566 827 555 825 555 825 565 826 564 828 540 830 539 839 529 843 531 841 543 846 549 845 561 881 566 889 564 889 565 891 555 889 555 887 566 882 566 883 556 882 555 880 565 877 564 877 551 876 541 872 529 878 530 886 544 888 550 889 563
0000002_0000232_3 675 574 630 580 622 583 626 565 638 565 636 582 667 576 673 563 680 561 680 573 680 571 676 542 673 541 663 530 636 529 633 546 614 556 613 582 606 574 552 580 547 583 548 566 556 565 561 582 599 576 599 562 609 561 613 573 625 571 629 543 623 541 616 530 588 530 565 547 548 558 547 583
0000002_0000234_1 756 559 738 561 734 563 736 552 742 552 740 563 753 562 755 552 758 552 758 561 757 559 756 543 753 539 746 527 737 527 738 540 726 544 730 561 707 559 687 561 686 564 686 553 688 553 690 563 705 562 704 552 709 551 711 560 717 558 719 541 715 538 716 527 704 526 693 540 687 546 687 563
0000002_0000234_2 934 556 934 556 934 555 934 547 934 548 934 556 934 556 934 549 934 549 934 555 936 553 940 539 939 538 941 529 939 530 936 539 937 544 935 553 977 556 974 555 973 555 974 548 975 548 974 556 976 556 977 548 978 547 977 555 977 554 973 539 973 538 969 530 967 531 971 540 968 544 971 553
0000002_0000234_3 788 568 803 565 806 565 804 556 801 556 801 567 792 569 788 557 787 557 787 568 788 567 788 543 791 541 801 530 808 531 804 544 810 550 808 564 847 568 856 567 857 567 858 557 857 557 854 568 848 569 850 558 847 558 845 569 841 567 841 553 840 541 838 530 845 531 853 544 855 551 856 566
0000002_0000249_1 935 525 938 512 940 510 937 500 936 503 937 516 937 525 935 511 934 514 934 528 936 528 941 498 942 494 949 474 950 474 942 487 944 492 943 508 1010 524 1001 509 1000 508 1001 496 1003 499 1001 513 1008 524 1012 509 1013 511 1012 528 1009 526 1001 496 1003 493 996 475 993 473 1000 486 996 491 998 505
0000002_0000249_2 703 565 740 542 746 541 743 526 736 530 736 548 710 564 705 545 700 548 700 569 700 571 702 532 704 527 720 504 739 499 738 513 750 516 751 537 794 568 818 544 821 542 823 526 817 531 814 550 796 565 798 548 792 551 790 570 782 569 782 548 785 529 780 505 796 499 812 513 818 515 821 537
0000002_0000249_3 560 504 515 516 506 519 509 503 520 502 523 516 553 507 556 493 564 490 566 501 565 499 561 485 558 477 547 467 520 470 515 488 496 499 501 517 496 505 446 515 442 519 443 503 451 502 455 515 489 507 489 494 499 491 504 502 512 500 511 486 510 477 508 467 476 470 455 488 444 499 442 519
0000002_0000250_1 935 504 939 488 941 488 941 476 937 480 938 496 936 508 935 489 935 494 935 519 936 522 945 475 943 471 950 454 951 454 943 465 948 469 945 486 1010 507 1004 487 1003 488 1004 475 1006 478 1004 495 1010 510 1014 493 1013 496 1011 518 1010 522 1002 475 1002 471 995 454 992 454 1001 465 998 469 1000 487
0000002_0000250_2 687 544 727 524 734 522 730 506 720 510 722 529 694 543 688 524 685 527 685 548 685 548 686 507 688 502 707 478 725 476 724 492 740 497 740 518 784 546 812 525 814 522 815 505 811 510 807 530 788 542 789 525 782 527 780 548 771 547 763 505 773 503 769 480 788 477 805 491 811 495 813 519
0000002_0000250_3 386 521 287 542 265 548 271 525 297 522 303 541 370 526 374 506 394 502 398 517 398 512 392 493 382 481 364 469 307 473 289 499 245 517 253 545 285 522 178 541 168 548 168 526 190 522 198 541 271 526 273 508 295 503 301 518 317 514 315 496 313 482 305 469 239 473 198 499 168 518 166 549
0000002_0000313_1 437 588 350 596 334 599 341 580 363 579 363 596 423 591 430 575 444 573 447 586 450 583 445 568 439 552 418 539 375 538 360 558 324 570 323 598 361 588 264 595 254 599 254 580 274 580 281 596 348 591 350 576 365 574 371 587 383 585 388 553 381 552 370 540 319 539 286 559 254 570 252 599
0000002_0000313_2 634 612 693 601 700 602 699 584 686 585 684 606 642 613 638 591 631 591 631 615 631 615 632 565 641 558 656 537 687 538 689 563 707 573 707 599 751 615 789 602 791 602 791 582 786 584 783 606 756 615 756 591 748 591 744 616 735 612 732 564 739 562 737 537 760 537 777 562 787 573 791 600
0000002_0000313_3 890 666 908 619 910 622 908 595 906 601 904 643 892 673 890 627 888 636 890 685 890 685 904 581 906 574 931 533 933 533 914 569 923 579 919 622 1105 661 1058 610 1050 613 1054 588 1064 590 1058 624 1095 666 1105 624 1119 632 1117 685 1121 685 1099 578 1093 571 1064 535 1048 533 1060 560 1037 574 1039 607
0000002_0000324_1 638 739 605 752 599 757 601 744 609 741 609 752 633 741 636 731 642 728 644 737 647 733 647 724 646 716 638 706 613 712 609 727 593 739 594 757 592 739 551 751 544 756 545 744 555 741 560 751 587 741 586 732 594 729 597 736 605 733 603 724 604 716 606 706 579 712 564 727 544 740 543 756
0000002_0000324_2 522 754 459 754 445 756 451 743 468 744 468 757 512 756 517 744 527 743 530 754 530 752 528 737 527 727 516 714 479 711 463 726 436 735 437 756 459 754 385 754 380 757 381 743 394 743 398 756 450 755 451 744 465 743 469 753 478 751 478 739 479 727 478 714 437 712 411 726 381 736 380 756
0000002_0000324_3 671 751 719 752 725 751 723 735 712 734 713 753 679 752 674 730 670 728 670 749 670 746 671 701 672 701 682 685 720 693 714 714 731 727 730 749 775 751 805 751 808 752 809 735 804 735 800 753 779 752 781 731 774 727 769 749 760 745 757 699 764 698 764 685 785 690 799 714 805 726 806 751
0000002_0000324_4 885 753 887 749 892 761 887 716 887 712 889 758 887 761 885 716 883 711 885 756 885 753 911 642 911 638 920 615 920 616 909 672 918 704 905 759 1126 742 1115 744 1106 759 1108 714 1108 716 1117 759 1124 756 1128 711 1132 709 1132 759 1126 732 1110 645 1106 642 1091 615 1082 621 1095 674 1082 704 1099 759
0000002_0000458_1 738 477 724 487 721 489 722 481 726 479 726 486 736 478 737 472 739 470 740 475 739 473 736 463 734 462 730 455 722 459 724 471 717 481 717 489 703 476 688 486 687 488 687 481 690 479 691 485 702 478 701 472 705 469 706 475 709 472 710 463 708 461 709 455 698 460 692 471 688 479 687 488
0000002_0000458_2 607 561 566 564 556 566 560 555 571 555 571 566 599 563 603 552 611 551 613 560 613 558 610 547 605 538 595 529 573 529 564 542 551 550 551 565 557 561 509 564 507 566 507 555 515 555 517 566 550 563 552 552 561 551 564 560 571 559 574 540 570 539 565 530 539 529 524 542 508 551 507 565
0000002_0000458_3 682 518 657 535 652 537 654 529 660 526 661 533 678 521 679 514 683 510 685 516 684 514 681 506 679 500 673 495 657 502 654 516 647 528 649 539 643 519 616 535 613 541 613 531 618 526 621 534 639 522 639 513 645 510 647 517 652 514 650 506 650 500 648 496 631 502 622 516 613 529 612 543
0000002_0000458_4 479 570 404 577 388 578 396 559 414 559 419 574 468 570 474 557 487 556 490 568 502 566 500 552 497 542 447 523 420 523 415 538 384 549 382 573 409 572 323 576 315 576 315 560 331 560 339 576 396 572 400 558 415 557 420 568 433 566 430 543 406 540 403 523 364 523 342 540 315 550 313 575
0000002_0000458_5 916 602 920 588 926 591 920 570 917 572 921 598 917 607 916 581 915 582 916 605 919 600 931 544 929 542 942 521 940 524 927 551 931 562 930 590 1052 599 1041 590 1037 596 1037 572 1041 573 1039 598 1049 603 1054 578 1057 578 1056 600 1051 598 1044 544 1041 541 1025 521 1022 522 1032 551 1029 562 1032 590
0000002_0000462_1 683 376 659 380 655 382 656 373 663 372 663 380 679 377 681 368 686 367 687 375 690 373 689 364 687 357 680 348 663 348 659 361 650 368 650 382 643 375 614 380 610 381 610 372 617 371 619 380 639 376 639 369 645 367 647 374 652 373 652 364 653 356 654 348 634 348 621 360 609 368 609 382
0000002_0000462_2 808 367 798 370 796 373 797 365 800 364 800 373 807 371 808 362 810 361 811 368 810 367 807 351 806 350 801 345 795 345 796 355 792 361 794 373 772 367 759 370 758 374 758 365 759 364 761 373 770 370 769 362 773 361 774 368 778 367 779 352 777 351 777 345 770 345 762 356 758 362 758 374
0000002_0000462_3 926 454 929 434 933 435 928 421 927 423 930 442 927 456 926 437 925 440 926 460 928 459 940 416 939 409 946 387 946 386 935 403 939 408 937 433 1030 454 1020 433 1018 435 1020 417 1024 421 1020 442 1029 455 1033 435 1035 438 1034 462 1032 462 1018 415 1019 409 1010 389 1007 386 1016 403 1012 410 1012 432
0000002_0000462_4 446 425 355 443 336 445 341 432 367 428 370 439 432 426 436 414 451 409 455 421 453 419 451 403 446 392 427 380 370 383 355 408 325 426 324 447 365 423 268 442 256 448 256 430 279 427 287 442 353 429 353 414 372 411 377 423 387 420 387 404 386 392 377 381 322 385 287 408 256 426 254 450
0000002_0000496_1 918 600 921 588 927 596 921 571 920 572 926 600 918 613 917 581 917 582 918 625 918 629 931 546 929 542 942 521 942 523 930 551 935 561 932 591 1050 601 1039 590 1035 598 1039 571 1041 574 1039 603 1049 615 1052 581 1056 581 1052 628 1052 630 1038 547 1040 543 1024 522 1022 523 1034 554 1032 561 1029 597
0000002_0000599_1 758 431 767 425 769 425 768 419 766 420 766 426 759 430 758 425 757 427 757 431 757 432 759 422 760 419 764 410 768 410 768 414 771 416 770 423 785 430 791 426 792 425 793 420 791 421 790 427 785 430 786 425 784 425 783 431 782 431 780 420 783 418 783 410 786 410 789 416 792 417 793 424
0000002_0000599_2 795 568 815 551 817 549 816 539 812 543 813 554 799 565 796 555 793 558 793 569 792 570 793 551 800 542 806 526 817 522 813 532 822 533 821 546 858 568 868 552 868 549 869 539 868 542 866 554 858 564 860 557 856 559 855 569 850 573 850 550 855 540 848 526 855 522 864 531 866 534 868 547
0000002_0000599_3 748 454 735 462 732 463 732 457 736 456 736 462 745 455 746 449 748 447 749 452 749 450 748 444 747 440 743 436 733 438 732 448 728 455 730 463 719 454 703 462 701 464 701 457 704 456 706 461 717 455 716 449 720 447 721 452 724 450 724 445 724 440 724 436 714 438 707 448 702 455 701 464
0000002_0000599_4 596 547 554 571 545 579 547 566 558 559 560 568 588 552 592 541 600 535 602 544 602 540 598 530 594 522 582 516 557 527 550 546 538 563 539 581 544 546 497 570 493 577 493 565 501 559 506 569 538 551 537 540 546 535 551 543 559 539 558 526 555 521 551 517 524 527 507 546 492 563 492 579
0000002_0000599_5 880 672 882 665 880 693 880 633 880 631 880 683 880 689 877 631 877 627 880 680 882 666 906 554 901 552 920 518 917 528 882 584 899 614 882 687 1128 672 1064 650 1055 661 1052 623 1064 621 1071 663 1114 681 1121 631 1145 629 1145 687 1149 685 1123 560 1114 554 1083 516 1060 526 1064 580 1033 608 1041 657
0000002_0000689_1 880 771 880 773 882 790 882 731 884 727 882 788 882 784 880 725 877 722 880 782 880 753 899 650 901 643 917 617 913 619 903 685 913 720 882 788 1138 768 1123 768 1112 784 1116 733 1114 735 1119 781 1133 784 1138 725 1149 722 1152 784 1154 781 1135 678 1126 646 1105 617 1088 624 1105 687 1095 718 1102 786
0000002_0000689_2 651 763 603 763 595 764 598 745 610 747 610 765 643 764 646 748 654 748 655 762 658 760 655 730 653 730 641 715 617 712 610 728 586 736 585 763 581 763 525 763 522 764 523 747 530 748 534 765 574 764 576 750 587 749 588 763 598 760 603 731 597 730 595 717 565 713 539 731 523 738 591 763
0000002_0000689_3 493 765 374 767 355 769 367 738 397 740 397 769 477 766 486 744 502 744 507 764 511 763 509 719 504 715 484 691 422 687 397 710 341 725 339 766 387 764 245 768 233 770 238 741 263 743 272 769 374 766 374 745 394 745 401 763 419 759 424 721 410 717 403 696 328 688 291 714 238 726 233 768
0000004_0000002_1 913 621 917 604 917 608 917 583 916 585 916 613 914 625 913 596 913 597 914 627 924 625 929 563 924 560 942 532 938 532 924 560 925 571 925 602 1061 620 1033 604 1029 606 1029 583 1035 586 1034 612 1053 623 1057 594 1064 595 1063 625 1059 625 1053 563 1050 558 1033 529 1022 532 1027 560 1016 573 1022 602
0000004_0000002_2 631 607 696 593 706 593 702 575 691 577 687 597 645 606 638 581 621 582 620 608 615 605 615 574 618 553 636 523 689 526 691 555 710 567 710 590 758 606 798 594 803 594 803 574 796 576 791 598 763 605 765 579 755 579 750 607 742 606 735 574 735 553 724 523 765 525 786 552 799 566 803 591
0000004_0000002_3 459 605 331 623 299 632 312 594 350 594 353 628 437 614 448 585 467 583 473 604 470 599 470 576 462 553 437 531 364 527 342 561 274 582 272 633 326 604 168 621 152 632 155 596 190 594 201 623 307 610 310 585 334 582 345 602 361 599 361 576 361 556 356 532 272 528 223 560 155 582 152 638
0000004_0000011_1 712 750 681 748 677 751 681 736 688 738 686 753 708 752 712 739 716 739 715 752 717 749 713 727 711 723 705 709 687 704 684 720 670 729 669 750 651 751 613 750 611 751 612 737 618 738 621 753 646 752 646 739 654 739 656 751 665 749 665 735 668 722 669 708 646 704 628 720 616 729 612 749
0000004_0000011_2 741 747 771 749 775 754 773 737 766 736 767 755 745 753 742 733 740 731 740 750 740 747 740 726 741 710 750 690 773 698 770 719 779 730 779 753 825 746 844 747 845 754 847 737 844 737 840 754 828 753 828 733 825 731 821 750 817 745 815 726 814 709 808 690 823 697 836 718 844 731 844 753
0000004_0000011_3 915 742 918 745 917 755 918 726 917 724 917 754 917 751 917 720 915 716 918 747 926 744 926 684 924 681 944 656 944 664 926 698 928 714 926 753 1059 741 1042 741 1040 751 1040 724 1045 723 1045 753 1056 752 1056 719 1060 717 1060 747 1056 741 1047 684 1047 680 1027 655 1019 666 1033 699 1031 714 1033 751
0000004_0000067_1 928 524 931 493 933 495 930 477 929 482 932 504 930 524 928 503 928 508 929 529 931 528 935 502 938 485 947 461 943 448 935 464 935 467 935 491 1035 523 1024 494 1021 497 1022 478 1027 484 1024 505 1031 522 1033 502 1036 507 1034 531 1028 531 1023 488 1027 482 1015 460 1010 448 1020 462 1013 466 1016 493
0000004_0000220_1 841 443 835 448 834 450 835 443 836 443 836 448 840 444 841 439 842 437 842 442 841 440 841 429 839 430 834 428 833 428 834 436 832 441 833 450 815 442 808 448 808 450 808 444 808 443 809 448 814 444 813 438 815 437 816 441 818 440 819 429 818 429 818 428 814 428 810 436 808 441 808 450
0000004_0000220_2 810 559 822 538 824 539 822 526 819 531 820 544 811 559 810 547 810 551 810 564 810 566 811 550 812 539 818 526 826 515 822 520 828 520 827 534 868 557 875 539 875 539 877 527 875 531 873 545 869 557 870 547 868 550 867 563 864 565 860 550 859 540 855 526 863 515 872 522 873 521 874 536
0000004_0000220_3 795 487 783 499 780 502 781 493 785 491 784 500 793 490 795 482 797 479 796 486 796 483 792 470 792 469 787 461 780 466 781 480 776 489 776 503 755 487 740 499 739 502 739 493 740 491 742 499 753 490 753 482 756 480 757 487 762 484 763 469 761 469 761 461 751 466 744 480 740 489 740 503
0000004_0000220_4 726 555 697 576 692 585 693 572 700 566 700 578 720 562 723 550 729 544 729 553 729 549 724 531 722 529 714 523 696 534 693 554 686 570 686 586 672 555 639 576 637 584 637 572 642 566 645 576 667 561 667 549 675 544 677 553 685 548 682 537 682 529 681 523 662 534 647 554 638 570 637 586
0000004_0000220_5 871 705 879 669 877 687 877 628 874 635 877 698 874 727 871 662 871 664 871 730 879 730 882 590 882 583 926 522 929 526 885 583 902 610 896 673 1180 705 1130 671 1130 689 1128 630 1133 635 1136 694 1169 730 1180 653 1191 657 1186 730 1172 723 1161 587 1155 581 1114 522 1086 524 1111 581 1092 605 1119 687
0000004_0000222_1 802 513 818 496 821 496 819 484 815 488 816 502 804 513 803 502 802 505 802 517 803 517 803 503 804 491 811 477 820 469 817 477 825 479 824 493 864 514 872 497 873 497 874 483 873 488 871 501 865 513 866 502 863 505 862 518 858 519 857 502 855 491 851 477 859 469 868 478 871 479 872 494
0000004_0000222_2 783 456 769 468 767 470 767 461 771 458 771 467 781 459 782 450 784 448 784 455 784 452 781 436 779 437 774 432 767 435 767 448 762 457 763 470 743 456 727 467 726 470 726 461 728 458 730 467 741 459 740 451 744 449 746 455 750 453 752 436 749 436 749 432 739 436 730 448 727 457 726 470
0000004_0000222_3 847 744 886 682 882 702 868 639 861 650 871 722 854 756 850 682 847 690 850 773 861 770 871 593 868 582 921 513 924 519 893 590 917 622 903 690 1237 739 1160 682 1160 704 1160 636 1167 642 1163 719 1220 762 1234 673 1251 679 1248 770 1234 767 1212 590 1205 579 1149 508 1125 511 1149 582 1125 613 1142 696
0000004_0000222_4 597 583 527 590 514 595 521 571 538 572 540 595 587 589 593 571 605 568 606 584 605 581 600 558 595 545 579 524 540 520 532 544 499 560 496 595 509 583 422 589 417 595 419 571 432 572 436 594 499 588 501 570 517 569 522 584 535 582 533 561 529 545 524 526 477 520 445 545 420 560 419 592
0000004_0000359_1 904 630 906 615 908 622 908 588 906 590 908 633 906 641 904 599 904 599 906 639 911 630 916 559 913 555 937 517 935 518 913 557 920 573 913 622 1095 631 1071 613 1068 622 1069 585 1073 588 1073 627 1090 643 1093 598 1100 600 1099 641 1088 637 1081 583 1080 551 1050 517 1042 517 1057 554 1049 571 1057 619
0000004_0000359_2 619 597 686 585 694 585 691 566 678 568 678 589 632 597 624 573 608 574 606 598 603 596 603 569 604 547 617 516 678 520 679 547 704 558 702 582 740 597 786 585 791 585 791 565 782 567 777 589 746 597 748 572 737 572 730 599 720 596 715 566 714 546 706 516 746 519 773 545 786 556 791 582
0000004_0000375_1 926 597 927 589 928 589 927 570 927 572 929 593 927 600 925 577 925 577 926 598 928 596 933 564 930 547 945 520 945 523 937 547 937 560 934 588 1045 595 1031 586 1029 587 1031 569 1033 572 1030 591 1041 600 1044 575 1047 575 1045 601 1041 596 1036 548 1035 545 1020 520 1015 526 1023 550 1016 562 1025 583
0000004_0000377_1 868 393 873 389 874 389 873 383 872 383 872 391 869 394 868 387 868 388 868 394 868 394 868 380 869 378 871 371 875 371 873 376 876 379 876 389 900 394 904 389 904 390 905 382 904 383 904 392 900 394 901 387 899 387 899 394 897 394 897 386 897 380 894 372 897 371 901 377 903 379 904 389
0000004_0000377_2 747 430 725 441 720 442 722 430 727 428 728 438 743 430 744 420 748 418 750 426 752 423 749 408 739 409 734 401 723 403 725 416 716 426 716 442 700 429 674 441 672 442 672 430 676 428 679 439 696 430 695 420 702 418 704 426 708 423 708 408 700 408 702 400 688 403 678 416 672 426 672 443
0000004_0000377_3 927 546 933 516 935 516 931 497 930 504 934 524 930 543 928 524 927 528 928 549 933 548 935 523 937 505 948 484 943 469 935 485 937 487 939 509 1033 544 1022 516 1019 517 1021 498 1024 504 1024 526 1030 543 1032 522 1034 528 1031 550 1027 551 1022 523 1022 504 1011 482 1009 468 1018 484 1011 488 1015 513
0000005_0000005_1 749 585 735 592 732 595 733 588 736 586 736 592 746 587 748 580 750 578 750 584 749 582 749 576 747 570 743 566 734 570 734 579 729 585 730 595 718 585 703 592 702 594 702 588 704 586 706 592 716 587 716 580 720 578 720 584 725 582 724 575 725 570 725 566 715 570 708 579 702 586 702 595
0000005_0000005_2 946 642 949 627 950 627 948 618 947 620 949 631 947 641 946 633 946 635 947 645 947 645 952 627 951 625 954 615 954 608 951 612 952 613 951 624 991 642 987 627 986 628 987 618 987 621 987 632 990 641 990 633 991 635 991 645 989 646 985 628 986 625 982 615 980 608 983 612 982 612 984 625
0000005_0000005_3 828 653 842 636 845 635 843 626 839 629 841 640 831 652 828 642 828 644 828 655 828 656 829 637 831 631 837 617 843 611 842 619 847 621 847 633 879 652 886 637 886 636 887 626 886 629 884 640 880 651 880 641 878 644 877 655 873 657 869 634 871 630 869 616 874 611 881 619 883 622 884 634
0000005_0000005_4 736 669 709 694 706 703 707 687 714 682 714 696 732 678 735 663 739 658 740 669 740 664 735 636 732 642 723 637 709 647 709 667 697 685 701 704 679 670 645 694 644 703 644 690 646 683 650 696 675 678 674 664 681 659 684 670 693 665 696 640 692 642 689 637 670 648 654 667 645 686 644 705
0000005_0000014_1 1317 577 1193 577 1172 583 1179 565 1207 565 1211 583 1299 584 1306 566 1331 565 1336 582 1350 579 1347 545 1329 543 1301 528 1237 529 1209 546 1165 557 1160 582 1281 574 1167 572 1149 578 1153 563 1179 563 1184 579 1266 579 1269 563 1292 563 1297 578 1317 576 1319 544 1303 542 1280 529 1218 530 1184 547 1146 557 1144 578
0000005_0000014_2 958 578 822 578 802 585 808 566 838 566 843 585 939 585 944 567 971 565 980 582 992 578 994 544 971 542 946 528 882 528 843 548 793 559 792 583 948 575 825 575 808 580 811 563 839 563 845 581 930 580 933 563 958 562 965 578 978 576 981 544 962 542 939 528 880 529 845 547 800 557 795 579
0000005_0000014_3 283 671 551 633 581 631 568 602 530 608 525 642 338 665 317 625 249 631 241 673 236 673 241 593 266 560 317 507 496 511 534 562 593 581 598 627 479 682 721 633 738 635 738 597 700 604 691 642 525 675 517 631 440 635 415 686 385 690 394 597 411 551 453 492 610 501 687 553 729 579 738 631
0000005_0000027_1 950 419 951 414 951 414 951 408 950 409 951 416 951 419 950 413 950 414 950 420 952 420 953 412 955 406 956 400 955 399 953 403 953 405 952 412 980 419 978 414 977 414 978 409 979 410 978 416 979 419 980 413 980 414 980 420 979 419 978 408 976 407 975 399 975 399 977 403 975 405 976 413
0000005_0000027_2 715 498 689 517 684 522 685 509 692 504 693 517 711 502 713 490 718 486 718 495 718 492 714 469 711 471 704 466 688 473 687 490 678 505 679 522 664 498 632 517 629 520 630 507 633 504 637 516 660 502 659 490 666 486 669 496 676 492 677 471 673 471 670 466 651 472 638 490 630 503 629 520
0000005_0000027_3 593 498 554 516 546 520 548 507 557 503 559 515 586 502 588 489 594 485 596 494 594 492 591 479 587 473 579 464 554 471 555 489 538 502 542 520 533 498 489 515 489 520 489 505 492 503 498 514 526 501 525 489 534 485 538 496 545 492 544 481 543 471 542 464 514 470 496 489 489 503 489 520
0000005_0000027_4 429 577 328 586 304 589 313 570 339 568 343 587 412 581 419 565 436 563 440 575 440 573 438 559 432 544 416 529 354 528 330 548 292 563 294 588 345 577 231 585 222 589 222 571 246 570 253 586 332 580 334 564 354 563 360 576 369 573 371 558 371 545 367 530 302 529 264 550 223 564 220 589
0000005_0000027_5 907 639 920 611 925 613 922 586 917 590 919 624 909 639 909 605 907 607 909 643 917 644 923 567 927 560 943 526 944 526 930 558 935 568 930 609 1088 637 1059 611 1056 613 1057 586 1064 591 1062 622 1080 639 1084 603 1091 606 1088 641 1080 643 1070 567 1068 560 1049 527 1035 526 1048 560 1040 573 1046 607
0000005_0000029_1 750 561 728 564 725 568 728 555 733 555 732 568 748 565 750 553 754 552 753 563 754 561 750 540 747 539 741 530 730 530 729 543 719 551 720 568 700 560 672 563 671 568 671 555 675 555 678 567 696 564 696 553 702 552 703 562 711 560 714 540 711 538 711 530 695 530 681 543 672 551 671 568
0000005_0000029_2 507 594 386 610 357 616 367 590 402 586 407 610 490 598 497 578 516 575 521 592 521 588 519 558 509 552 490 532 419 532 395 558 338 582 340 616 397 593 253 609 238 616 241 590 269 587 281 609 381 597 383 578 407 576 414 591 435 587 438 558 428 554 421 534 345 534 293 561 241 582 238 618
0000005_0000029_3 843 775 886 697 897 706 890 661 876 667 886 724 847 784 843 709 840 721 840 803 847 806 883 625 879 607 919 528 937 531 912 601 923 619 919 697 1244 775 1150 700 1143 706 1143 652 1161 658 1164 727 1226 791 1240 706 1262 721 1262 806 1251 809 1226 622 1215 607 1164 528 1121 534 1143 601 1114 628 1128 697
0000005_0000035_1 948 479 949 474 949 475 949 468 949 468 949 476 949 479 948 471 948 472 948 479 951 479 952 464 952 463 954 454 954 453 951 461 951 464 951 473 985 479 983 474 982 474 983 467 983 468 983 476 984 479 986 471 986 472 985 479 985 479 985 470 982 463 979 454 978 453 982 460 980 464 981 473
0000005_0000035_2 845 775 887 686 894 694 901 639 880 654 880 717 852 778 848 700 848 715 848 804 855 807 880 625 880 610 922 532 925 535 904 596 915 619 915 683 1234 773 1132 691 1122 694 1122 639 1143 651 1143 717 1213 778 1231 700 1252 715 1252 801 1245 801 1217 622 1210 607 1157 535 1104 535 1122 593 1090 619 1104 683
0000005_0000035_3 465 546 379 568 361 575 364 557 388 551 390 567 452 550 457 534 470 530 474 542 476 538 473 523 465 512 448 502 395 509 379 533 346 552 349 577 388 545 294 568 284 574 284 557 304 552 314 567 379 550 377 535 395 531 401 542 411 538 411 524 409 512 403 503 346 510 318 533 284 554 283 576
0000005_0000049_1 865 680 855 680 853 684 856 670 858 671 857 684 864 683 866 671 867 670 867 682 866 680 865 661 865 659 860 647 852 645 855 657 849 664 850 683 814 679 798 680 796 683 796 671 799 671 801 684 813 682 812 671 817 670 817 680 823 679 823 667 825 658 827 647 817 645 807 658 797 665 796 683
0000005_0000049_2 944 680 945 679 945 681 944 671 944 671 945 682 944 682 944 672 944 671 945 682 947 680 948 661 947 660 953 650 952 651 945 661 947 666 946 679 995 680 990 677 988 679 990 670 991 670 990 681 994 683 995 671 995 671 995 682 994 680 991 660 991 659 986 650 983 650 989 661 987 667 987 679
0000005_0000049_3 648 698 488 717 462 746 484 673 527 676 527 734 626 721 639 674 665 671 665 710 670 704 657 620 644 620 609 589 553 582 523 621 423 652 423 748 445 702 216 719 169 746 169 685 246 683 264 739 419 719 419 680 458 674 467 709 501 702 510 630 493 625 484 596 393 584 294 627 173 657 164 748
0000005_0000088_1 806 461 778 485 773 491 777 470 783 465 782 484 799 466 805 448 808 444 808 458 807 452 802 421 797 421 787 413 773 418 776 442 765 462 764 492 728 460 690 483 688 490 688 470 692 465 697 483 724 466 722 449 729 445 733 458 742 452 743 421 737 421 735 413 717 418 700 444 689 462 688 490
0000005_0000088_2 926 502 931 472 934 473 930 455 929 461 932 482 928 501 927 482 926 485 928 510 936 511 942 468 938 463 948 438 944 427 933 443 936 446 938 469 1036 501 1024 475 1022 476 1025 456 1027 462 1024 483 1033 501 1037 479 1039 483 1036 508 1033 509 1025 468 1027 459 1014 438 1013 427 1021 442 1016 448 1017 471
0000005_0000088_3 671 587 553 646 532 662 538 613 574 600 574 645 653 598 662 563 677 556 677 582 677 575 668 516 665 513 635 496 574 501 562 551 511 591 499 669 514 589 353 643 326 657 326 613 369 603 387 639 499 600 496 567 520 558 529 584 553 577 559 520 547 516 532 497 456 501 390 554 323 596 320 662
0000005_0000123_1 1125 548 1107 529 1106 528 1105 513 1107 517 1108 534 1122 545 1122 530 1127 532 1128 549 1136 549 1141 518 1135 514 1136 495 1126 490 1111 504 1107 507 1106 525 1200 547 1171 529 1167 528 1170 515 1175 518 1175 534 1194 545 1199 531 1205 533 1204 549 1205 549 1204 517 1198 514 1186 495 1174 491 1174 504 1163 507 1164 526
0000005_0000123_2 1445 674 1309 631 1309 631 1309 599 1313 605 1320 646 1419 678 1419 625 1467 633 1482 683 1511 678 1515 607 1504 568 1493 517 1379 519 1324 562 1313 581 1309 624 1703 670 1497 629 1475 629 1486 596 1519 601 1523 642 1659 672 1681 627 1729 633 1740 678 1743 672 1725 601 1707 568 1651 517 1523 521 1508 560 1453 579 1456 622
0000005_0000123_3 830 528 811 546 806 548 807 533 812 528 812 543 826 528 828 516 832 511 832 522 833 516 830 496 822 498 813 485 803 488 807 509 798 527 798 551 760 527 730 548 728 551 729 531 731 527 736 544 758 529 756 514 761 510 764 521 770 517 770 496 762 496 764 485 750 490 737 509 729 525 729 552
0000005_0000138_1 769 588 729 598 719 608 723 576 736 577 734 605 762 594 766 572 771 569 772 588 769 585 762 546 762 544 746 521 725 520 723 547 705 565 711 606 666 588 599 599 597 607 597 577 605 577 611 603 659 593 657 571 671 569 676 588 686 584 685 562 683 544 682 522 648 520 617 546 600 563 597 608
0000005_0000166_1 1231 624 1177 607 1175 601 1175 584 1177 587 1181 606 1221 616 1221 595 1239 598 1243 622 1265 625 1265 568 1227 562 1237 532 1209 533 1183 558 1177 569 1175 598 1366 624 1281 606 1271 601 1277 584 1288 587 1290 606 1348 618 1356 597 1380 599 1386 622 1404 623 1400 569 1340 566 1326 533 1290 535 1290 562 1265 569 1265 597
0000005_0000166_2 915 623 914 605 915 606 914 585 914 588 915 614 916 623 915 597 915 598 916 624 924 623 924 568 923 563 936 534 932 535 919 561 919 572 918 601 1052 622 1019 605 1014 604 1017 583 1023 585 1022 611 1044 623 1049 596 1058 598 1060 623 1062 621 1061 571 1043 566 1026 534 1011 535 1021 563 1008 572 1010 600
0000005_0000166_3 843 580 825 585 822 588 824 575 828 574 828 587 839 582 841 571 843 570 843 579 842 577 841 566 839 556 832 546 822 546 822 560 816 569 817 588 788 580 765 584 764 587 763 575 767 574 769 587 785 582 785 571 790 570 792 579 798 578 798 567 800 556 801 545 787 546 774 560 765 569 764 587
0000005_0000166_4 719 617 649 638 634 640 640 605 658 601 661 629 710 614 714 592 726 587 728 606 735 600 730 562 719 556 697 533 654 531 652 566 616 587 616 637 591 615 486 642 475 642 475 606 497 604 508 633 580 615 580 594 598 590 602 608 623 604 623 562 611 558 600 535 551 534 515 568 477 591 472 641
0000005_0000166_5 407 620 236 647 198 656 209 620 262 613 266 646 384 627 394 603 421 590 424 617 424 611 427 542 417 540 367 522 283 524 249 564 178 596 172 656 249 621 47 646 27 654 30 618 71 615 87 647 225 628 225 602 262 595 273 617 303 609 313 550 289 549 262 525 168 526 91 570 30 596 23 656
0000005_0000233_1 870 494 874 489 875 489 874 482 873 483 874 491 871 494 870 487 870 488 870 495 870 495 871 482 872 479 876 471 878 470 875 476 878 479 877 488 902 494 905 489 905 489 906 482 905 484 904 491 902 494 903 488 902 489 902 495 899 495 899 486 898 480 896 471 899 470 902 477 903 479 904 488
0000005_0000233_2 669 529 645 540 640 543 642 531 648 530 648 540 666 532 667 522 671 520 672 529 672 526 670 512 667 510 660 499 645 502 644 518 635 526 635 543 626 529 597 540 596 543 596 531 599 530 602 539 623 531 622 522 628 520 630 527 636 526 637 510 633 509 632 500 614 503 603 518 596 527 596 543
0000005_0000233_3 758 537 739 549 736 552 737 540 742 538 742 549 754 540 757 529 759 527 759 535 759 532 756 514 754 514 748 510 739 514 739 527 731 537 732 552 714 536 692 547 691 550 691 539 694 538 697 548 712 539 711 529 715 527 717 535 723 532 724 514 720 514 718 510 708 514 698 527 692 536 692 550
0000005_0000233_4 539 567 484 572 474 573 478 558 492 557 492 572 532 569 535 556 544 554 545 566 546 564 542 544 539 538 526 522 494 520 486 538 464 548 464 571 473 567 410 570 407 572 407 558 416 558 422 572 465 569 465 556 479 555 482 566 491 564 491 549 488 538 485 524 449 521 425 538 409 550 407 570
0000005_0000294_1 671 586 717 577 724 578 720 561 711 562 712 581 679 586 675 566 670 567 669 587 669 586 670 548 676 536 690 513 717 515 718 540 731 551 729 575 774 586 804 577 807 578 807 560 802 560 797 582 778 587 780 565 772 565 766 586 758 584 758 560 755 536 756 513 778 516 794 540 801 552 804 576
0000006_0000026_1 882 700 886 696 887 696 886 690 885 691 886 698 882 700 882 694 882 696 882 701 882 701 883 692 884 687 887 679 889 678 887 684 889 687 889 695 912 700 914 697 915 696 915 690 914 692 914 698 912 701 912 695 912 695 911 701 909 701 909 695 908 687 906 679 908 678 912 684 913 687 913 695
0000006_0000026_2 851 693 845 695 844 697 845 690 846 690 846 696 850 693 850 688 851 687 851 692 850 690 850 684 849 682 847 676 843 676 844 684 841 688 843 696 824 692 818 695 817 696 817 690 818 690 819 695 823 693 823 688 825 687 826 692 827 691 828 685 828 681 829 675 826 676 820 684 819 688 818 696
0000006_0000026_3 780 738 763 749 760 751 762 742 766 739 765 748 777 740 779 731 782 728 783 735 784 731 783 724 782 716 777 708 762 713 764 727 757 738 757 751 740 737 716 748 715 752 715 742 719 739 721 748 737 739 737 731 742 728 744 735 748 732 749 724 750 715 750 708 735 713 724 727 715 738 715 753
0000006_0000026_4 712 781 683 786 677 787 680 774 688 773 687 787 708 783 712 771 716 769 716 780 716 778 715 764 712 753 704 739 688 738 686 754 669 767 671 787 652 781 615 786 614 787 614 773 619 773 622 786 647 783 647 771 656 770 658 780 665 777 665 762 666 752 665 738 645 738 630 755 616 767 614 787
0000006_0000030_1 879 593 885 586 886 585 885 579 884 581 884 588 880 592 879 586 878 587 878 594 879 594 879 583 881 579 884 571 887 568 886 574 888 575 887 584 910 592 912 586 912 585 913 579 912 580 911 587 909 592 910 585 909 586 909 593 907 594 906 587 906 579 904 570 906 568 910 574 910 576 911 584
0000006_0000041_1 1001 598 1010 608 1013 611 1013 595 1011 594 1009 606 1002 599 1006 587 1004 586 1003 593 1001 589 1002 580 1002 576 995 564 1000 565 1011 581 1012 590 1013 604 928 596 928 607 928 604 927 596 927 593 929 604 929 597 928 587 928 585 928 594 931 589 932 579 935 571 941 561 939 566 929 581 930 590 928 602
0000006_0000041_2 1115 608 1098 612 1098 619 1115 608 1114 608 1098 621 1115 610 1113 596 1116 595 1120 609 1122 606 1128 590 1128 572 1129 558 1116 571 1105 595 1098 608 1098 620 1197 610 1166 612 1160 611 1162 605 1166 605 1167 612 1188 612 1193 598 1200 596 1202 609 1201 609 1194 581 1189 574 1178 560 1160 571 1160 591 1152 602 1156 610
0000006_0000041_3 782 610 743 623 735 642 742 613 752 610 752 635 779 623 782 601 788 597 788 615 786 611 779 575 779 572 763 555 742 556 742 584 728 602 725 644 684 608 618 622 610 638 610 610 626 606 630 631 677 618 675 598 687 595 692 613 703 608 709 570 704 570 700 555 667 555 636 581 612 602 610 640
0000006_0000041_4 531 606 443 617 423 636 431 607 457 605 457 632 521 620 527 598 541 596 543 614 545 612 539 583 533 572 519 549 463 543 451 574 413 595 407 636 433 603 325 616 313 631 313 604 335 603 345 624 421 616 421 596 441 594 445 610 459 607 455 586 453 571 449 549 389 544 347 573 313 593 311 633
0000006_0000046_1 983 560 1025 559 1031 561 1030 552 1020 553 1020 562 991 563 987 553 977 553 977 563 976 563 976 541 982 540 993 532 1015 533 1021 543 1036 549 1035 560 1022 562 1063 560 1068 562 1067 553 1059 552 1056 562 1029 564 1029 553 1018 553 1015 564 1008 563 1006 540 1012 539 1019 531 1040 532 1054 543 1066 549 1069 561
0000006_0000046_2 1133 581 1119 574 1119 577 1118 561 1119 561 1120 578 1131 582 1128 566 1134 566 1136 582 1141 582 1144 562 1147 540 1147 521 1133 524 1123 544 1119 552 1119 574 1222 582 1193 574 1188 574 1190 561 1196 562 1196 577 1216 583 1220 564 1225 565 1226 582 1225 581 1221 551 1214 540 1202 521 1186 523 1190 542 1180 552 1183 574
0000006_0000046_3 1411 661 1280 622 1276 631 1276 598 1280 600 1284 641 1376 671 1380 624 1426 632 1434 685 1480 688 1491 566 1457 558 1430 521 1345 524 1295 563 1276 578 1276 625 1645 663 1457 625 1437 634 1445 602 1476 605 1476 642 1606 673 1625 632 1679 636 1683 685 1721 690 1710 573 1664 568 1598 524 1495 528 1480 571 1422 585 1418 629
0000006_0000053_1 870 731 862 734 860 733 861 721 864 722 863 733 868 732 871 722 871 721 871 730 870 728 870 712 868 710 863 698 859 697 861 709 856 716 857 731 821 730 809 733 808 733 808 721 810 721 812 733 820 731 820 720 824 719 824 729 828 727 829 717 829 708 831 698 823 697 815 709 811 716 808 730
0000006_0000053_2 638 814 466 874 428 909 447 831 505 821 500 880 624 836 629 789 653 781 653 817 658 804 648 728 643 728 605 701 524 701 490 760 399 810 366 922 433 808 189 846 136 876 141 821 222 808 242 859 409 825 409 787 447 779 457 810 495 804 500 732 485 730 476 703 371 701 261 760 122 812 103 890
0000006_0000065_1 711 558 682 560 675 562 677 548 686 549 686 562 705 559 709 546 713 546 714 557 712 555 710 540 708 531 698 519 683 518 683 534 667 542 671 559 647 557 612 560 610 561 611 547 616 547 618 561 643 559 643 546 650 545 653 557 660 555 659 542 661 531 661 520 638 518 622 531 612 541 611 561
0000006_0000086_1 548 622 496 626 487 626 490 612 503 612 503 626 541 623 544 611 553 610 554 621 556 620 552 594 548 592 536 582 510 581 501 596 479 605 478 625 490 621 430 624 426 626 427 611 437 611 442 626 483 622 484 610 494 610 499 620 508 618 511 594 506 592 499 582 470 581 445 596 428 605 427 625
0000006_0000086_2 925 649 933 637 936 638 930 617 927 620 932 641 926 649 925 627 925 629 925 650 927 649 930 622 936 597 944 568 947 568 938 596 937 606 939 635 1042 648 1029 634 1027 635 1027 615 1030 618 1032 640 1038 648 1041 624 1043 626 1042 649 1037 650 1032 606 1027 595 1015 567 1011 568 1022 593 1019 605 1022 632
0000006_0000086_3 574 664 642 650 653 651 649 629 636 631 634 656 586 665 581 639 572 639 572 666 572 665 574 626 579 604 605 576 644 576 648 603 666 616 663 648 718 664 764 650 767 651 767 628 761 631 755 656 725 665 723 638 709 640 704 669 694 666 694 627 696 604 687 576 726 576 752 604 762 615 766 648
0000006_0000091_1 947 536 948 523 948 524 947 514 947 517 948 527 948 535 947 527 947 530 947 537 948 538 949 523 952 519 954 507 953 503 949 509 950 510 949 520 987 536 985 523 984 524 985 515 985 518 985 527 986 535 988 527 988 529 987 537 985 538 984 527 982 519 978 507 978 503 982 509 981 510 982 522
0000006_0000091_2 289 664 464 630 485 630 478 595 448 598 441 641 319 664 306 620 279 621 279 671 275 669 282 600 289 563 340 516 454 517 461 556 508 576 502 623 545 666 664 630 674 629 674 593 653 598 647 639 566 662 559 616 525 625 508 674 491 673 495 597 505 561 488 516 593 517 640 558 667 574 674 618
0000006_0000092_1 948 381 948 375 949 375 948 368 948 370 948 378 948 381 947 374 947 375 947 382 949 382 952 365 952 363 954 353 954 352 950 360 951 364 950 374 986 381 983 374 982 374 982 366 984 368 983 376 985 381 987 373 987 375 986 382 984 382 983 366 982 363 979 353 977 352 981 360 979 363 980 373
0000006_0000092_2 1683 446 1567 444 1549 448 1559 431 1584 432 1586 448 1664 448 1675 432 1697 432 1700 446 1702 443 1702 423 1698 410 1685 395 1613 394 1588 414 1545 425 1540 446 1627 434 1516 434 1504 437 1508 421 1530 423 1535 437 1610 437 1613 423 1639 422 1644 435 1654 433 1658 417 1658 404 1649 390 1578 390 1538 406 1506 415 1504 435
0000006_0000092_3 595 525 656 488 666 489 661 466 647 473 647 499 604 524 598 500 593 506 593 532 595 531 593 495 595 476 614 445 653 432 655 447 675 451 675 485 727 528 772 489 775 489 775 468 767 475 764 500 734 524 734 500 721 507 716 535 702 532 701 498 702 475 694 446 734 432 756 449 767 454 773 485
0000006_0000143_1 927 588 930 578 933 579 929 559 928 561 931 583 928 590 927 569 927 570 927 590 930 588 933 565 938 539 947 514 947 514 934 538 935 548 935 575 1035 588 1024 575 1021 575 1022 555 1025 558 1025 579 1031 586 1035 564 1036 566 1034 588 1029 588 1024 547 1021 538 1012 513 1008 513 1018 536 1013 545 1015 572
0000006_0000217_1 710 454 694 463 690 466 691 457 696 456 696 464 708 457 709 449 711 447 712 453 711 452 709 443 707 438 702 432 694 434 693 446 685 454 686 466 672 455 653 463 652 466 652 457 654 455 656 463 670 457 669 450 674 448 675 454 679 452 678 444 678 437 678 432 666 434 657 445 652 453 652 466
0000006_0000217_2 794 540 813 517 817 518 813 507 809 511 811 525 796 541 794 530 793 534 793 547 793 548 794 522 798 516 806 501 813 493 811 501 820 502 821 516 859 541 871 517 872 518 873 506 871 511 869 525 861 541 863 529 859 534 858 548 854 548 845 521 850 517 847 498 853 493 865 500 870 499 870 517
0000006_0000217_3 946 479 948 465 949 464 948 456 947 458 949 470 946 478 946 469 945 472 945 480 946 488 948 468 949 459 952 447 952 442 949 450 952 451 951 462 991 478 987 467 986 465 988 457 988 460 987 469 990 478 991 468 991 470 991 480 989 481 987 464 985 458 981 446 981 443 985 450 984 453 985 463
0000006_0000217_4 561 619 648 598 659 598 653 576 636 580 638 604 578 617 571 593 556 595 554 621 554 623 556 577 565 544 597 508 642 512 646 544 672 560 667 594 717 619 772 599 774 598 774 573 764 577 761 604 725 619 725 590 708 593 702 620 693 616 691 577 687 544 689 508 725 511 755 544 766 559 774 594
0000006_0000247_1 793 426 785 431 784 433 784 427 786 426 786 430 791 427 792 423 794 422 794 426 794 425 793 420 791 415 788 412 783 413 783 421 780 425 782 433 769 426 761 429 760 431 760 427 761 426 762 430 768 427 768 422 770 421 771 425 774 424 775 414 774 414 774 411 769 413 764 421 761 425 761 430
0000006_0000247_2 856 477 862 467 864 467 863 460 861 461 862 470 857 476 856 469 856 471 857 478 857 479 857 463 858 460 860 450 864 446 863 453 866 455 865 466 893 476 897 467 897 467 897 460 897 461 896 470 893 476 894 469 893 471 892 478 889 479 889 469 888 460 886 450 889 446 893 453 894 455 896 466
0000006_0000247_3 947 502 947 489 947 489 947 477 947 482 947 493 947 502 947 492 947 494 947 505 947 505 949 488 950 483 953 471 954 467 948 473 949 474 948 485 990 502 986 489 986 489 986 480 988 483 987 493 989 502 990 492 990 494 990 504 988 505 985 488 984 483 981 470 980 467 985 473 982 475 984 488
0000006_0000247_4 821 531 836 516 838 513 836 505 833 509 834 518 824 527 822 519 818 523 817 533 816 534 818 517 823 511 829 496 835 492 834 500 840 501 840 511 867 534 875 516 875 511 876 504 875 507 873 517 867 528 869 520 866 525 865 535 861 536 861 517 866 509 861 496 865 492 873 498 873 500 874 509
0000006_0000247_5 509 588 399 603 375 600 385 575 414 573 419 595 492 587 502 567 519 565 524 582 536 579 534 556 490 545 473 518 419 517 409 543 356 559 358 598 399 586 273 599 253 599 256 576 287 572 297 593 382 584 385 568 409 566 417 580 434 577 434 549 404 543 399 520 341 519 304 544 253 560 251 599
