/home/sarthaksharma/kps/dataHG/000048.png 496.368431 178.467880 62.467507 48.414390
/home/sarthaksharma/kps/dataHG/000049.png 491.014308 178.565881 66.488569 51.232280
/home/sarthaksharma/kps/dataHG/000050.png 484.984202 178.676262 71.044856 54.406232
/home/sarthaksharma/kps/dataHG/000051.png 478.141462 178.801525 76.249486 58.008285
/home/sarthaksharma/kps/dataHG/000052.png 470.309944 178.944898 82.249517 62.131315
/home/sarthaksharma/kps/dataHG/000053.png 461.463128 176.780999 89.525713 66.802646
/home/sarthaksharma/kps/dataHG/000054.png 449.442252 174.331619 98.413111 72.249649
/home/sarthaksharma/kps/dataHG/000055.png 436.187961 171.397433 108.816743 78.681435
/home/sarthaksharma/kps/dataHG/000056.png 420.444251 170.722856 121.383883 86.396310
/home/sarthaksharma/kps/dataHG/000057.png 401.237129 169.898783 136.891741 95.811972
/home/sarthaksharma/kps/dataHG/000058.png 375.511000 170.857274 157.655105 107.410400
/home/sarthaksharma/kps/dataHG/000059.png 341.123115 172.164099 184.890936 122.079961
/home/sarthaksharma/kps/dataHG/000060.png 296.142098 173.875241 221.526753 141.526505
/home/sarthaksharma/kps/dataHG/000061.png 234.393709 176.236971 273.154998 168.398095
/home/sarthaksharma/kps/dataHG/000062.png 143.542538 179.745421 351.103968 195.254579
