36
-8.122908 -5.679330 50.832280
1.520800 1.636200 3.860000
847.630212 0.000000 960.000000 0.000000 847.630212 540.000000 0.000000 0.000000 1.000000
839.394531 438.261719
832.027344 444.347656
831.066406 444.988281
831.066406 439.863281
832.988281 437.621094
833.308594 442.746094
838.753906 438.902344
839.394531 433.136719
840.355469 431.855469
840.675781 436.339844
840.355469 434.738281
838.753906 429.613281
837.472656 425.769531
833.949219 420.644531
829.464844 425.128906
830.746094 432.175781
829.144531 437.941406
830.105469 444.988281
813.769531 436.980469
806.722656 443.707031
806.722656 444.667969
807.042969 439.863281
807.363281 437.941406
807.683594 443.066406
813.128906 438.261719
812.808594 432.175781
814.410156 430.894531
815.050781 435.378906
817.292969 433.777344
817.292969 425.449219
816.972656 425.128906
817.933594 421.285156
814.730469 424.488281
811.207031 432.496094
807.683594 437.621094
807.042969 444.027344
1.000000
1.000000
1.000000
1.000000
1.000000
1.000000
1.000000
1.000000
1.000000
1.000000
1.000000
1.000000
1.000000
1.000000
1.000000
1.000000
1.000000
1.000000
1.000000
1.000000
1.000000
1.000000
1.000000
1.000000
1.000000
1.000000
1.000000
1.000000
1.000000
1.000000
1.000000
1.000000
1.000000
1.000000
1.000000
1.000000
0.982793 0.555366 1.044913
0.538175 0.554456 -1.447636
0.460916 0.624186 -1.822794
0.503776 0.159817 -1.720881
0.609785 0.172068 -1.171297
0.595174 0.662773 -1.055999
0.905530 0.644656 0.663116
0.964664 0.167439 0.759628
1.044179 0.144743 1.295639
1.049865 0.581674 1.427816
1.028605 0.500027 1.789576
0.982665 -0.204839 1.774805
0.911736 -0.401202 1.417755
0.719792 -0.858027 1.054818
0.473204 -0.841133 -0.394968
0.537053 -0.313184 -0.951777
0.336170 -0.050127 -1.920512
0.362129 0.576220 -2.012453
-0.566142 0.555366 1.318032
-1.000840 0.554456 -1.176267
-1.056552 0.624186 -1.555224
-1.061971 0.159817 -1.444798
-0.973618 0.172068 -0.892101
-0.920454 0.662773 -0.788753
-0.624121 0.644656 0.932835
-0.646679 0.167439 1.043752
-0.538073 0.144743 1.574633
-0.498208 0.581674 1.700783
-0.354502 0.500027 2.033455
-0.316383 -0.204839 2.003863
-0.371851 -0.401202 1.644086
-0.315614 -0.858027 1.237388
-0.579753 -0.841133 -0.209303
-0.830192 -0.313184 -0.710695
-0.972750 -0.050127 -1.689714
-1.028589 0.576220 -1.767232
42
-0.112953 -0.466410 -0.086910 -0.104795 -0.464312 -0.117179 -0.072054 -0.365686 -0.043428 -0.083127 -0.219827 -0.133045 -0.086810 -0.267956 -0.150258 -0.131509 -0.358654 -0.190274 -0.090535 -0.366376 -0.037623 -0.128224 -0.184653 -0.085833 -0.084032 -0.198226 -0.097538 -0.109489 -0.350086 -0.153496 -0.084998 -0.352362 0.177810 -0.162098 -0.925581 0.105153 -0.369713 -0.018352 -1.977897 -0.486826 0.377439 -2.411772 -0.103790 0.300180 0.049492 -0.015229 0.044560 0.074884 -0.027857 -0.116885 -0.180097 -0.086483 -0.241499 -0.158777 0.076416 -0.466410 -0.120301 0.058397 -0.464312 -0.145954 0.052856 -0.365686 -0.065453 0.032610 -0.219827 -0.153452 0.030183 -0.267956 -0.170887 0.058501 -0.358654 -0.223778 0.072207 -0.366376 -0.066319 0.091135 -0.184653 -0.124512 0.045604 -0.198226 -0.120396 0.050387 -0.350086 -0.181686 0.140687 -0.352362 0.138016 0.188287 -0.925581 0.043371 -0.329064 -0.018352 -1.985064 -0.367408 0.377439 -2.432829 0.114458 0.300180 0.011009 0.039922 0.044560 0.065159 -0.035420 -0.116885 -0.178763 0.026963 -0.241499 -0.178780
-0.608252 -0.248652 -0.012189 -0.717914 -0.266840 -0.631736 -0.725301 -0.473015 -0.545415 -0.715024 -0.279994 -0.565824 -0.741586 -0.307560 -0.741180 -0.751999 -0.459335 -0.701646 -0.605145 -0.449800 0.072800 -0.620060 -0.195133 0.066734 -0.595186 -0.170582 -0.032086 -0.581785 -0.342919 -0.065238 -0.371893 -0.296013 0.572341 -0.267558 0.285590 0.616908 -0.271107 0.131617 0.375133 -0.224905 0.115769 0.656942 -0.507587 0.125019 -0.778165 -0.510609 -0.001941 -0.438189 -0.566352 -0.122865 -0.659655 -0.597082 -0.606055 -0.569468 0.567401 -0.248652 -0.219488 0.458553 -0.266840 -0.839178 0.495017 -0.473015 -0.760590 0.478379 -0.279994 -0.776254 0.443364 -0.307560 -0.950118 0.466671 -0.459335 -0.916530 0.593549 -0.449800 -0.138562 0.605491 -0.195133 -0.149364 0.548318 -0.170582 -0.233716 0.524386 -0.342919 -0.260286 0.545217 -0.296013 0.410630 0.462417 0.285590 0.488194 0.383061 0.131617 0.259786 0.436029 0.115769 0.540401 0.210828 0.125019 -0.904841 0.329946 -0.001941 -0.586401 0.306581 -0.122865 -0.813577 0.366304 -0.606055 -0.739339
0.252001 -0.140775 -0.296231 0.223146 -0.129769 -0.279931 0.168546 -1.289362 -0.349670 0.124878 -1.054717 -0.241299 0.177423 -1.032477 -0.211074 0.217015 -0.899643 -0.055227 0.143395 -0.899501 -0.505453 0.164747 -1.003204 -0.361883 0.225521 -0.936048 -0.236144 0.280305 -0.950545 -0.193862 0.548562 -0.916822 -0.273866 0.688603 -0.008070 -0.161933 0.676092 -0.510379 -0.269937 0.792923 -0.961694 0.376614 0.520328 -0.907628 -0.543590 0.495974 -0.745550 0.168740 0.427681 -1.035946 -0.393859 0.434534 -1.431744 -0.214902 -0.338121 -0.140775 -0.192177 -0.305431 -0.129769 -0.186728 -0.277975 -1.289362 -0.270936 -0.199876 -1.054717 -0.184036 -0.238915 -1.032477 -0.137662 -0.222816 -0.899643 0.022327 -0.307622 -0.899501 -0.425927 -0.278583 -1.003204 -0.283712 -0.292686 -0.936048 -0.144770 -0.329705 -0.950545 -0.086301 -0.609147 -0.916822 -0.069731 -0.702460 -0.008070 0.083349 -0.727642 -0.510379 -0.022421 -0.616294 -0.961694 0.625096 -0.674868 -0.907628 -0.332845 -0.408350 -0.745550 0.328197 -0.536596 -1.035946 -0.223831 -0.481829 -1.431744 -0.053322
-0.350680 0.421942 -1.189046 -0.092252 0.421928 0.435386 -0.168851 -0.361896 0.480719 -0.184985 0.169885 0.546043 -0.152638 0.135621 0.374986 -0.133550 -0.234837 0.448235 -0.401138 -0.275543 -1.167364 -0.390011 0.240489 -1.130712 -0.408821 0.208749 -1.288813 -0.397428 -0.310561 -1.218511 -0.384587 -0.129321 -0.540756 -0.397057 0.547132 -0.426937 -0.287507 0.208749 -0.154492 -0.244111 -0.023350 0.303228 -0.199673 0.180173 -0.004650 -0.111816 0.209204 0.520039 -0.210718 0.212070 0.459932 -0.161401 -0.336954 0.441869 -0.077146 0.421942 -1.237277 0.235599 0.421928 0.377577 0.323084 -0.361896 0.393978 0.360587 0.169885 0.449845 0.271685 0.135621 0.300166 0.278801 -0.234837 0.375527 -0.022315 -0.275543 -1.234161 -0.020236 0.240489 -1.195914 -0.056634 0.208749 -1.350913 -0.043295 -0.310561 -1.280954 0.176444 -0.129321 -0.639681 0.227091 0.547132 -0.536991 0.217329 0.208749 -0.243508 0.333100 -0.023350 0.201450 0.186041 0.180173 -0.072661 0.282937 0.209204 0.450433 0.355317 0.212070 0.360125 0.302795 -0.336954 0.360019
-0.007273 0.645211 -0.418904 -0.022382 0.611508 -0.608643 0.034295 0.648944 -0.594614 -0.009782 0.849132 -0.608730 0.022064 0.843671 -0.608351 0.032989 0.696931 -0.591397 0.073100 0.719854 -0.433781 0.052308 0.861156 -0.452855 0.072480 0.916011 -0.321670 0.116849 0.868742 -0.342381 0.437583 0.963962 -0.272038 0.656949 1.241603 -0.221954 0.628515 0.755803 -0.789790 0.592838 0.036220 -0.217030 0.324988 0.191258 -1.073168 0.299229 0.599264 -0.583296 0.335174 0.403790 -0.480134 0.353581 0.658699 -0.333934 -0.136439 0.645211 -0.396129 -0.187136 0.611508 -0.579592 -0.235596 0.648944 -0.547025 -0.199006 0.849132 -0.575364 -0.228801 0.843671 -0.564117 -0.233269 0.696931 -0.544449 -0.217053 0.719854 -0.382620 -0.204039 0.861156 -0.407654 -0.178126 0.916011 -0.277481 -0.226903 0.868742 -0.281768 -0.504236 0.963962 -0.105970 -0.693243 1.241603 0.016121 -0.860735 0.755803 -0.527195 -0.631314 0.036220 -0.001179 -0.672434 0.191258 -0.897295 -0.480683 0.599264 -0.445777 -0.479176 0.403790 -0.336542 -0.446469 0.658699 -0.192864
-0.000749 1.047017 0.601273 -0.082280 1.066869 0.371016 -0.168301 -0.453583 0.360977 -0.229404 0.000995 0.543407 -0.279966 0.132791 0.434356 -0.042461 0.025512 0.562983 -0.104019 -0.052886 0.468583 -0.140064 0.044396 0.615898 -0.200207 0.024296 0.492531 -0.097239 -0.197451 0.580937 -0.122496 -0.309636 -0.587264 -0.119350 0.475937 -0.751410 -0.202550 -0.220844 -1.085212 0.114553 -0.700806 0.249392 -0.288590 -0.559234 -1.557986 -0.517107 -0.242366 -0.993964 -0.281100 -0.137938 0.704891 -0.053628 -0.554733 0.581316 0.206351 1.047017 0.564756 0.204212 1.066869 0.320500 0.281613 -0.453583 0.281645 0.401425 0.000995 0.432175 0.411641 0.132791 0.312408 0.232452 0.025512 0.514509 0.258011 -0.052886 0.404747 0.342266 0.044396 0.530851 0.356588 0.024296 0.394353 0.290067 -0.197451 0.512644 -0.085747 -0.309636 -0.593743 -0.144845 0.475937 -0.746914 -0.180830 -0.220844 -1.089042 -0.022348 -0.700806 0.273531 -0.261676 -0.559234 -1.562731 0.145966 -0.242366 -1.110882 0.505234 -0.137938 0.566239 0.249216 -0.554733 0.527917
-0.038982 0.053590 -0.321739 -0.072637 0.033830 -0.332943 -0.092194 0.756834 -0.459633 0.019975 -0.019397 -0.376752 0.102841 -0.121535 -0.336097 0.093054 0.484669 -0.328015 0.039383 0.521770 -0.427430 0.162772 -0.253679 -0.363919 0.113450 -0.312701 -0.421207 0.050475 0.443998 -0.292725 -0.370499 0.381222 -0.434176 -0.503355 -2.226199 -0.344809 -0.156107 -1.503295 0.912879 -0.104671 -1.161733 -0.590426 -0.081086 -1.018491 -0.250352 -0.334074 -0.773600 -1.294599 0.215122 -0.652541 0.658270 -0.121332 0.765772 0.174257 -0.073411 0.053590 -0.315669 -0.045617 0.033830 -0.337707 -0.070570 0.756834 -0.463446 -0.147627 -0.019397 -0.347199 -0.211591 -0.121535 -0.280654 -0.199630 0.484669 -0.276407 -0.183197 0.521770 -0.388183 -0.277423 -0.253679 -0.286301 -0.250670 -0.312701 -0.357003 -0.147549 0.443998 -0.257808 0.199658 0.381222 -0.534710 0.355067 -2.226199 -0.496172 0.458916 -1.503295 0.804433 -0.103579 -1.161733 -0.590619 -0.009430 -1.018491 -0.262987 -0.128852 -0.773600 -1.330785 0.022993 -0.652541 0.692147 0.173614 0.765772 0.122250
0.324195 -0.766959 -0.300382 0.380342 -0.718496 0.388974 0.518470 -0.281011 0.669694 0.532613 -0.239281 0.636989 0.371721 -0.313540 -0.003668 0.306943 -0.313796 0.012950 0.347551 -0.349973 0.090489 0.394961 -0.289799 0.079652 0.315853 -0.197707 -0.515978 0.239066 -0.235441 -0.545919 0.276335 -0.427972 0.431066 0.205864 -0.137889 0.444232 -0.365543 0.668262 0.774230 -0.352244 1.363756 -0.199666 -0.276251 1.184899 -1.382747 -0.101160 0.638029 -1.428981 0.298873 0.534846 -0.146036 0.012232 -0.237162 -0.149022 -0.407380 -0.766959 -0.171386 -0.224368 -0.718496 0.495601 -0.258154 -0.281011 0.806634 -0.282629 -0.239281 0.780738 -0.350557 -0.313540 0.123690 -0.284003 -0.313796 0.117149 -0.295642 -0.349973 0.203901 -0.343899 -0.289799 0.209932 -0.473279 -0.197707 -0.376832 -0.411364 -0.235441 -0.431230 -0.112236 -0.427972 0.499582 -0.041512 -0.137889 0.487851 0.608300 0.668262 0.602515 0.262712 1.363756 -0.308099 -0.213336 1.184899 -1.393841 -0.393681 0.638029 -1.377401 -0.330796 0.534846 -0.035009 -0.062463 -0.237162 -0.135851
0.428147 -0.238520 0.126339 0.241907 -0.221633 -0.816216 0.119512 -0.395080 -0.664045 -0.038036 -0.063039 -0.743464 0.317529 -0.234090 -0.791367 0.184875 -0.120191 -0.895819 0.431211 -0.238541 0.174485 0.384857 -0.134156 0.065480 0.344497 -0.292003 0.000276 0.261009 -0.473228 0.025040 -0.076960 -0.444411 -1.119217 -0.473483 0.408995 -1.060575 -0.566951 0.295771 -0.228282 -0.883770 1.266126 0.628706 -0.407005 0.918805 0.263605 -0.234538 0.228637 0.232254 -0.154552 0.364712 0.794780 0.507702 -0.403904 0.622383 -0.359116 -0.238520 0.265155 -0.506480 -0.221633 -0.684255 -0.339421 -0.395080 -0.583123 -0.218538 -0.063039 -0.711636 -0.569043 -0.234090 -0.635041 -0.480114 -0.120191 -0.778564 -0.345528 -0.238541 0.311445 -0.339252 -0.134156 0.193160 -0.323627 -0.292003 0.118084 -0.236705 -0.473228 0.112800 -0.310476 -0.444411 -1.078041 0.082190 0.408995 -1.158556 0.454682 0.295771 -0.408423 1.045502 1.266126 0.288523 0.472618 0.918805 0.108504 0.299829 0.228637 0.138031 0.417062 0.364712 0.693989 -0.264216 -0.403904 0.758493
-0.254238 0.231658 0.127815 -0.226584 0.179135 -0.098667 -0.031595 -0.710127 0.297117 -0.099875 0.595020 0.147221 -0.372800 0.453206 -0.533458 -0.247572 -0.421786 -0.416978 -0.114063 -0.502651 0.460135 -0.274200 0.891481 0.457078 -0.380584 0.912093 -0.078881 -0.244073 -0.421110 -0.277639 -0.174393 -0.181069 0.241514 -0.349959 -2.285484 0.138239 0.521684 0.406648 0.067291 1.243969 0.717799 0.198330 0.444107 0.824104 -0.183641 0.470324 0.604014 0.359706 0.983167 -0.163741 1.048157 0.408857 -0.443429 0.440638 0.282621 0.231658 0.033152 0.179173 0.179135 -0.170212 0.131310 -0.710127 0.268393 0.144204 0.595020 0.104183 0.167864 0.453206 -0.628791 0.090027 -0.421786 -0.476506 0.264559 -0.502651 0.393374 0.413994 0.891481 0.335731 0.330653 0.912093 -0.204292 0.134395 -0.421110 -0.344373 0.246479 -0.181069 0.167303 0.376134 -2.285484 0.010209 -0.467207 0.406648 0.241659 -1.101115 0.717799 0.611831 -0.480134 0.824104 -0.020673 -0.318933 0.604014 0.498874 -0.565384 -0.163741 1.321208 -0.233493 -0.443429 0.553901
-0.028473 0.562334 0.184286 -0.062265 0.562149 -0.214764 -0.162241 -0.749560 -0.085632 -0.314008 0.227662 0.121348 -0.238199 0.369760 -0.114995 -0.033861 -0.224456 -0.085461 -0.019118 -0.212255 0.127095 -0.158494 0.245765 0.287460 -0.180785 0.158032 0.085180 -0.073981 -0.283122 0.142209 0.120377 -0.492284 -0.591265 -0.100111 1.782129 -0.375315 -0.054473 0.162255 1.916565 0.324378 -0.089539 -1.976740 0.286594 -0.041701 -0.061037 0.177003 -0.083161 0.221056 -0.055593 0.116835 0.006042 0.122979 -0.842520 0.275375 0.089785 0.562334 0.163434 -0.014944 0.562149 -0.223108 0.123168 -0.749560 -0.135958 0.336575 0.227662 0.006633 0.184503 0.369760 -0.189529 0.002590 -0.224456 -0.091889 0.061434 -0.212255 0.112892 0.247253 0.245765 0.215916 0.199016 0.158032 0.018211 0.118158 -0.283122 0.108330 -0.315342 -0.492284 -0.514436 -0.034292 1.782129 -0.386921 0.706691 0.162255 1.782351 -0.980900 -0.089539 -1.746585 -0.290186 -0.041701 0.040665 -0.090722 -0.083161 0.268264 0.054307 0.116835 -0.013336 -0.021379 -0.842520 0.300829
0.216406 1.160880 -0.084856 0.292128 1.154659 -0.248128 0.267817 -0.274028 -0.166345 0.409582 -0.205798 0.239558 0.094786 0.017363 -0.511978 0.144846 0.397540 -0.129737 -0.021650 0.468059 -0.076318 0.091616 0.117525 0.308810 -0.199179 0.424914 -0.248126 -0.086243 0.522908 0.076114 0.243179 0.484911 0.770226 0.037165 0.046650 0.850650 -1.381054 0.353805 0.086761 -1.193227 -0.640817 0.057158 -0.231946 -0.943108 -0.543781 0.131091 -0.316028 0.952710 0.964985 -0.814626 0.435978 0.597064 -0.796822 -0.320459 -0.232377 1.160880 -0.005723 -0.359375 1.154659 -0.133251 -0.308560 -0.274028 -0.064714 -0.302948 -0.205798 0.365197 -0.264177 0.017363 -0.448683 -0.180484 0.397540 -0.072373 -0.005758 0.468059 -0.079121 0.019528 0.117525 0.321522 0.102303 0.424914 -0.301286 0.107074 0.522908 0.042027 0.034919 0.484911 0.806948 0.256016 0.046650 0.812060 1.327440 0.353805 -0.390820 1.140815 -0.640817 -0.354397 0.031974 -0.943108 -0.590317 0.202661 -0.316028 0.940090 -0.757676 -0.814626 0.739730 -0.670660 -0.796822 -0.096925
0.545754 0.680172 -0.019523 0.421849 0.692160 -0.256660 0.144972 -0.129506 0.010593 0.251530 -0.464014 0.521564 0.177459 -0.518826 -0.747847 0.423693 0.311947 -0.260266 0.540152 0.238214 0.055617 0.573588 -0.633102 0.544825 0.104580 -0.336186 -0.555976 0.141881 0.157890 -0.160537 -0.737519 0.360432 0.165015 -1.036416 -0.215561 0.070016 -0.319744 0.075240 -0.171527 1.095206 -0.275073 -0.041784 0.531476 -0.016609 -0.486338 0.272323 0.201539 0.758227 -1.279862 0.913345 -0.250166 -1.109672 0.330668 -0.312820 -0.519519 0.680172 0.168313 -0.484191 0.692160 -0.096901 -0.132606 -0.129506 0.059538 -0.057975 -0.464014 0.576139 -0.422535 -0.518826 -0.642052 -0.487158 0.311947 -0.099658 -0.488555 0.238214 0.237006 -0.352656 -0.633102 0.708146 -0.288428 -0.336186 -0.486678 -0.188232 0.157890 -0.102330 0.749479 0.360432 -0.097183 0.997859 -0.215561 -0.288681 0.241795 0.075240 -0.270542 -1.043448 -0.275073 0.335319 -0.665761 -0.016609 -0.275233 0.003429 0.201539 0.805641 1.117115 0.913345 -0.672818 0.935760 0.330668 -0.673485
0.264952 0.552387 -0.018235 0.193213 0.568328 -0.070494 0.133770 -0.110493 -0.203905 -0.200456 1.231527 -0.461011 0.267995 1.042267 0.383660 0.242729 0.113145 0.242665 0.111526 -0.099565 -0.233005 -0.149189 1.079930 -0.405437 0.029727 0.699839 0.259976 0.286986 -0.915904 0.228770 0.515546 -2.405704 0.127400 0.121321 -1.800125 -0.185752 -0.487692 -0.399495 0.255069 -0.398029 -0.288803 0.165224 -0.103129 -0.170852 -0.480988 0.389933 0.064746 0.348586 -0.812725 1.155569 -0.914497 0.092391 0.103880 -0.217184 -0.255210 0.552387 0.073483 -0.205671 0.568328 -0.000160 -0.195442 -0.110493 -0.145856 0.030692 1.231527 -0.501768 -0.120614 1.042267 0.452182 -0.145094 0.113145 0.311049 -0.184493 -0.099565 -0.180809 0.001524 1.079930 -0.432011 0.060983 0.699839 0.254465 -0.191434 -0.915904 0.313129 -0.440881 -2.405704 0.296044 -0.177535 -1.800125 -0.133056 0.545519 -0.399495 0.072886 0.430535 -0.288803 0.019126 -0.067598 -0.170852 -0.487253 -0.247193 0.064746 0.460929 0.450936 1.155569 -1.137314 -0.161100 0.103880 -0.172487
0.476129 0.141024 -0.049679 0.502716 -0.018721 -0.177122 0.321855 -0.485465 0.088214 0.154335 0.716924 -0.024417 0.354619 0.638691 -0.076778 0.322731 -0.958679 -0.347023 0.308489 -0.751004 0.184539 0.052379 1.321308 -0.062637 0.058932 0.962569 -0.141353 0.028234 -0.632355 -0.299335 -0.694700 -0.041083 0.467907 -0.983265 1.089095 0.889565 0.111638 -0.298893 -0.406375 0.087524 -0.746766 0.156634 0.377625 -0.916082 1.027005 -0.580115 -0.323686 -1.227801 -0.212927 -0.044247 -0.281143 0.588177 -0.784820 0.227095 -0.464406 0.141024 0.116163 -0.532978 -0.018721 0.005499 -0.272274 -0.485465 0.192974 -0.153378 0.716924 0.029841 -0.359493 0.638691 0.049139 -0.421957 -0.958679 -0.215714 -0.226769 -0.751004 0.278919 -0.070643 1.321308 -0.040945 -0.103723 0.962569 -0.112672 -0.128910 -0.632355 -0.271627 0.812838 -0.041083 0.202087 1.228216 1.089095 0.499621 -0.243894 -0.298893 -0.343685 -0.028673 -0.746766 0.177123 -0.003595 -0.916082 1.094224 0.125198 -0.323686 -1.352166 0.103930 -0.044247 -0.337013 -0.475035 -0.784820 0.414568
0.042690 -0.897211 -0.136613 0.081824 -0.958061 0.020700 0.098675 -0.362700 -0.383769 -0.331066 0.142119 -0.897560 0.320462 -0.027637 0.808556 0.444471 0.034598 0.441541 0.238749 -0.032288 -0.637589 -0.160206 0.082159 -0.956385 0.177986 0.140399 1.014035 0.187074 0.372228 0.505647 -0.682210 1.026795 0.544768 -0.697737 0.201191 0.479352 -0.441360 0.300173 0.182075 0.623696 0.488643 -0.163116 0.243103 0.244827 -1.187928 -0.156742 -0.283911 0.614574 -0.331538 -0.564566 0.466400 0.420054 -0.187547 0.592751 -0.086840 -0.897211 -0.113774 -0.069809 -0.958061 0.047437 -0.223981 -0.362700 -0.326876 0.004117 0.142119 -0.956661 -0.024594 -0.027637 0.869398 -0.266650 0.034598 0.566931 -0.442419 -0.032288 -0.517480 -0.176558 0.082159 -0.953502 0.179568 0.140399 1.013756 -0.002851 0.372228 0.539135 0.827389 1.026795 0.278585 0.819606 0.201191 0.211803 0.477015 0.300173 0.020140 -0.641872 0.488643 0.060038 -0.634737 0.244827 -1.033141 0.357486 -0.283911 0.523902 0.471062 -0.564566 0.324880 -0.191989 -0.187547 0.700671
-0.622420 -0.177521 0.161104 -0.301836 -0.154775 0.040280 0.287690 -0.038417 0.022920 0.702821 -0.688704 -0.062745 -0.090991 -0.093805 0.216545 0.114408 0.102750 0.074143 -0.277618 0.076165 0.076489 -0.576874 0.030147 0.106434 -0.521685 -0.155316 0.143390 -0.489561 0.020933 0.160622 -0.713235 0.111453 -0.626215 -0.556765 0.054351 -0.453588 -0.960677 0.095988 -0.059982 -0.414326 0.757623 0.322131 1.601512 -0.299412 -0.041473 1.502628 -0.419368 -0.629032 0.370226 0.189907 -0.866718 0.392238 0.408355 -0.087539 0.639985 -0.177521 -0.061492 0.297410 -0.154775 -0.065383 -0.262501 -0.038417 0.119934 -0.681896 -0.688704 0.181418 0.159567 -0.093805 0.172365 -0.082150 0.102750 0.108801 0.287037 0.076165 -0.023074 0.578487 0.030147 -0.097288 0.539266 -0.155316 -0.043684 0.514973 0.020933 -0.016504 0.456043 0.111453 -0.832390 0.368051 0.054351 -0.616658 0.882226 0.095988 -0.384936 0.499515 0.757623 0.160996 -1.519113 -0.299412 0.508777 -1.627150 -0.419368 -0.077168 -0.644333 0.189907 -0.687823 -0.398524 0.408355 0.051894
-0.326351 0.414199 0.011248 -0.051849 0.378058 -0.090623 -0.079106 1.159934 -0.419209 0.390721 -0.811562 -0.001113 0.213481 -0.463047 -0.005854 -0.079139 1.152725 0.175592 -0.391080 1.081765 -0.308179 -0.092716 -0.824915 -0.177082 -0.288200 -0.842861 -0.118909 -0.282371 0.016026 0.321231 0.133749 -2.029878 0.308849 -0.438193 0.441339 0.512112 -0.520890 -0.113366 -0.171780 1.196812 -0.143413 -0.063279 -0.112376 0.800178 0.444311 -0.700315 0.841268 -0.304003 0.361508 0.860622 0.008979 1.124046 -0.342158 0.372006 0.310516 0.414199 -0.101049 0.017727 0.378058 -0.102892 -0.069042 1.159934 -0.420984 -0.367538 -0.811562 0.132589 -0.202608 -0.463047 0.067513 0.134422 1.152725 0.137936 0.262091 1.081765 -0.423351 0.026559 -0.824915 -0.198114 0.230150 -0.842861 -0.210308 0.375209 0.016026 0.205282 -0.020050 -2.029878 0.335967 0.586919 0.441339 0.331357 0.430725 -0.113366 -0.339575 -1.146278 -0.143413 0.349871 0.257562 0.800178 0.379081 0.554106 0.841268 -0.525191 -0.336635 0.860622 0.132080 -0.929025 -0.342158 0.734017
0.550715 1.069279 -0.215361 0.479342 1.188048 -0.046480 -0.144044 -0.743567 -0.250376 -0.236895 -0.252477 -0.009931 0.283442 -0.600253 0.051207 -0.167602 0.135919 0.473483 -0.293310 -0.028021 -0.458960 0.044074 -0.593278 -0.133474 -0.281745 -0.010694 0.404033 -0.321359 0.669684 0.431030 -0.655691 1.687215 0.270286 0.223853 -1.176786 -0.359883 0.637605 -0.018999 0.183090 -0.285795 0.521016 -0.082683 -0.673552 0.808234 0.537371 0.519158 0.491288 -0.616420 -0.230637 0.921905 -0.682166 0.497938 -1.822636 0.090177 -0.591160 1.069279 -0.014017 -0.466331 1.188048 0.120268 0.049724 -0.743567 -0.284542 0.219211 -0.252477 -0.090355 -0.248835 -0.600253 0.145062 0.319435 0.135919 0.387605 0.118648 -0.028021 -0.531600 -0.087067 -0.593278 -0.110350 0.402941 -0.010694 0.283304 0.449399 0.669684 0.295124 0.708591 1.687215 0.029726 -0.333440 -1.176786 -0.261617 -0.536532 -0.018999 0.390123 0.240280 0.521016 -0.175445 0.816724 0.808234 0.274595 -0.698677 0.491288 -0.401683 -0.016587 0.921905 -0.719909 -0.437066 -1.822636 0.255044
0.253972 0.789228 0.005025 0.051004 0.912243 -0.124271 -0.608406 0.578822 -0.305108 -0.407194 0.301708 -0.285145 0.054942 0.136211 0.058672 0.026152 0.133928 0.210697 0.142610 -0.091402 -0.339544 0.379673 -0.579967 -0.186323 0.235451 -0.708150 -0.069916 -0.029714 -0.875511 0.282537 -0.565960 -1.340321 0.900609 -0.201429 0.906007 0.564377 0.884824 0.205471 -0.126977 -0.698023 0.707973 -0.028583 0.156596 0.241051 0.006453 1.411721 -0.473093 -0.467332 0.440287 -0.337501 0.890048 -0.831101 0.773394 0.452174 -0.236937 0.789228 0.091585 -0.090431 0.912243 -0.099332 0.467362 0.578822 -0.494795 0.285112 0.301708 -0.407217 -0.031562 0.136211 0.073925 0.047488 0.133928 0.206935 -0.250140 -0.091402 -0.270292 -0.420502 -0.579967 -0.045230 -0.245164 -0.708150 0.014829 0.124555 -0.875511 0.255335 0.839854 -1.340321 0.652726 0.382309 0.906007 0.461448 -0.874892 0.205471 0.183308 0.646151 0.707973 -0.265597 -0.144945 0.241051 0.059622 -1.486420 -0.473093 0.043688 -0.109320 -0.337501 0.986958 0.935632 0.773394 0.140652
-0.321368 -0.700464 0.071174 0.088662 -0.748778 0.005059 0.370365 0.441773 0.287300 0.890425 -0.027381 0.040983 0.172188 0.275521 -0.195980 -0.020590 0.212020 -0.345479 -0.230304 0.084832 0.495482 -0.107546 0.203153 0.161108 -0.223867 -0.099678 -0.117307 -0.396729 -0.135173 -0.130038 -0.591563 -0.007935 -0.049230 -0.500031 0.599300 0.135405 1.113834 -1.418754 -0.008247 -0.339003 -1.189499 -0.105936 -1.400516 0.412336 -0.819138 0.894133 -0.722691 0.714448 0.000423 0.899672 -0.288551 0.707630 0.117369 0.468572 0.326330 -0.700464 -0.043033 -0.081585 -0.748778 0.035078 -0.249767 0.441773 0.396646 -0.822709 -0.027381 0.343055 -0.228833 0.275521 -0.125269 -0.098812 0.212020 -0.331686 0.385879 0.084832 0.386833 0.156163 0.203153 0.114609 0.170244 -0.099678 -0.186799 0.328328 -0.135173 -0.257885 0.539050 -0.007935 -0.248588 0.516187 0.599300 -0.043781 -1.049482 -1.418754 0.373204 0.282327 -1.189499 -0.215493 1.035893 0.412336 -1.248743 -0.595855 -0.722691 0.977173 -0.099087 0.899672 -0.271005 -0.504694 0.117369 0.682337
-0.294176 0.342870 0.172452 -0.303688 0.414342 0.102308 0.008102 0.462720 0.363575 -1.446118 0.923427 -0.033545 0.342347 -0.713952 -0.152204 0.024904 -0.591486 -0.158959 0.313587 -1.004619 0.231860 -0.036639 -0.897524 0.236032 0.263119 -1.119385 -0.311897 -0.030016 -0.643881 -0.174575 -0.024081 1.058735 -0.328764 0.524191 -0.285597 0.834691 -0.473652 0.250045 0.015388 -0.152486 -0.880275 0.003962 0.323415 -0.128525 -0.165440 0.048259 0.316732 0.146631 0.081562 1.157261 -0.493434 0.886301 1.222490 1.112478 0.335417 0.342870 0.061438 0.320364 0.414342 -0.007730 0.116737 0.462720 0.344420 1.347433 0.923427 -0.526124 -0.373758 -0.713952 -0.025935 -0.077769 -0.591486 -0.140854 -0.215374 -1.004619 0.325131 0.115157 -0.897524 0.209266 -0.353926 -1.119385 -0.203095 -0.031502 -0.643881 -0.174313 -0.089815 1.058735 -0.317173 -0.207097 -0.285597 0.963637 0.450350 0.250045 -0.147538 0.144645 -0.880275 -0.048430 -0.360495 -0.128525 -0.044848 0.004802 0.316732 0.154294 -0.245407 1.157261 -0.435780 -0.452361 1.222490 1.348521
-0.691165 0.444368 0.054305 -0.936331 0.432281 -0.051579 0.094874 -0.432359 -0.013487 0.577693 -0.750641 0.113494 -0.656956 0.201753 -0.087189 0.044438 0.341590 -0.020488 0.399426 0.078497 -0.204299 0.373245 -0.108282 -0.134721 0.278564 0.235825 0.004317 0.256519 0.715623 -0.042068 0.770714 0.124187 -0.107067 -0.076963 -0.262417 0.957422 0.942569 -1.373078 -0.012647 -0.917208 1.013748 0.000997 1.110903 -0.187362 -0.185756 -0.436448 0.335958 0.138550 -1.004352 0.590896 0.264580 0.303944 -0.713938 0.697698 0.668056 0.444368 -0.185363 0.862223 0.432281 -0.368712 -0.093766 -0.432359 0.019775 -0.504037 -0.750641 0.304232 0.587516 0.201753 -0.306623 -0.048765 0.341590 -0.004054 -0.445212 0.078497 -0.055367 -0.396813 -0.108282 0.001061 -0.260288 0.235825 0.099331 -0.255438 0.715623 0.048204 -0.760853 0.124187 0.162989 0.399779 -0.262417 0.873359 -0.890050 -1.373078 0.310494 0.862234 1.013748 -0.312767 -1.107440 -0.187362 0.205397 0.457514 0.335958 -0.019079 1.034274 0.590896 -0.094885 -0.046987 -0.713938 0.759577
-0.763458 0.543499 0.041135 -0.638923 0.578645 0.026932 0.250365 0.307887 -0.084008 1.209958 -0.279759 -0.342615 0.039366 0.206801 -0.100033 0.374392 -1.002507 -0.237485 0.237455 -0.835701 0.009832 0.120099 -0.087818 -0.130270 -0.049641 -0.112100 -0.052262 0.070429 -0.581567 0.042672 -1.113134 0.043621 1.367529 1.324402 0.038225 -1.151143 -0.153733 0.472759 0.201750 0.034043 -0.351011 -0.172620 0.072962 -0.035423 0.085819 -0.534248 0.263121 0.069504 -0.534759 0.098320 0.355481 0.331868 0.576384 0.124234 0.731485 0.543499 -0.222464 0.609603 0.578645 -0.193217 -0.263998 0.307887 0.006688 -1.254170 -0.279759 0.091877 -0.071205 0.206801 -0.080537 -0.433038 -1.002507 -0.095114 -0.219772 -0.835701 0.090454 -0.157412 -0.087818 -0.081338 0.028773 -0.112100 -0.066088 -0.051587 -0.581567 0.064186 1.513726 0.043621 0.904343 -1.638245 0.038225 -0.628749 0.213464 0.472759 0.137003 -0.091030 -0.351011 -0.150567 -0.039210 -0.035423 0.105598 0.525801 0.263121 -0.117411 0.624091 0.098320 0.151144 -0.269363 0.576384 0.230247
0.193386 0.528788 0.091545 0.176641 0.649214 -0.155008 0.427556 -0.478753 -0.343477 0.803128 -0.362508 -0.261885 -1.351320 0.926904 0.407702 0.216320 -0.585819 0.245848 0.320047 -0.779231 -0.470000 0.155164 -0.761506 -0.165298 -0.289451 -0.346609 0.341443 0.307011 -1.088967 0.324491 -0.122507 0.503746 -0.711363 -0.777425 -0.252826 0.398122 0.339495 0.478924 0.091150 -0.155294 -0.348465 -0.024515 -0.449959 0.277107 -0.055441 -0.700009 1.112395 0.163273 1.081240 0.139417 -0.635434 -0.339647 1.296209 -0.166363 -0.150414 0.528788 0.152166 -0.219004 0.649214 -0.085245 -0.519248 -0.478753 -0.176530 -0.844263 -0.362508 0.028594 1.409268 0.926904 -0.079064 -0.119189 -0.585819 0.305007 -0.461495 -0.779231 -0.332193 -0.202342 -0.761506 -0.102260 0.388775 -0.346609 0.221854 -0.177514 -1.088967 0.409926 -0.128181 0.503746 -0.710363 0.866707 -0.252826 0.108218 -0.287845 0.478924 0.201767 0.137544 -0.348465 -0.076150 0.403862 0.277107 -0.205992 0.713636 1.112395 -0.085991 -1.233364 0.139417 -0.227306 0.262264 1.296209 -0.272496
0.409089 0.766483 -0.007221 0.612026 0.653046 0.034522 -0.060388 0.159035 0.323186 0.220588 -0.025583 -0.229565 1.234291 -1.138447 -0.083720 -0.192679 -0.059150 -0.127326 -0.585029 0.337004 0.365089 -0.737583 0.411604 0.042938 -0.090990 -0.122125 0.174014 -0.393348 -0.000249 -0.244649 -0.433101 -0.547587 -0.108612 -0.117131 -0.153837 -0.133194 0.943350 -0.240745 0.164498 -0.536395 0.947211 -0.104094 0.742260 0.060145 -0.507430 -1.315147 0.262040 0.595029 0.340886 -1.240820 -0.780640 -0.199472 0.889184 0.372775 -0.386887 0.766483 0.133131 -0.563310 0.653046 0.241765 0.167282 0.159035 0.283041 -0.285800 -0.025583 -0.140275 -1.188488 -1.138447 0.343481 0.137511 -0.059150 -0.185547 0.674615 0.337004 0.142980 0.707787 0.411604 -0.211920 0.145019 -0.122125 0.132400 0.285951 -0.000249 -0.364428 0.369834 -0.547587 -0.250191 0.064512 -0.153837 -0.165223 -0.830197 -0.240745 0.477222 0.468445 0.947211 -0.281274 -0.871047 0.060145 -0.222960 1.439346 0.262040 0.109338 -0.587323 -1.240820 -0.616971 0.314939 0.889184 0.282071
1.428391 -0.663896 -0.404987 1.412135 -0.436874 -0.125102 -0.033509 0.780981 -0.152179 -0.045738 -0.131475 0.055463 -1.584465 0.790281 0.084959 -0.504407 0.048904 -0.115850 -0.243976 -0.320934 -0.014700 -0.770556 -0.344953 0.406479 -0.286734 -0.567595 -0.250467 -0.259415 0.270331 -0.034830 -0.012172 -0.009471 0.532817 0.618370 0.051059 -0.239928 -0.090520 -0.662972 0.001580 -0.153955 0.072617 0.008466 0.794934 0.046999 -0.180731 -0.124596 -0.150076 0.095911 -0.494626 0.275059 0.329019 0.568484 0.317642 0.406077 -1.480763 -0.663896 0.107976 -1.369760 -0.436874 0.365421 -0.020560 0.780981 -0.154463 0.061949 -0.131475 0.036475 1.517968 0.790281 -0.462083 0.434365 0.048904 -0.281381 0.224235 -0.320934 -0.097258 0.863110 -0.344953 0.118420 0.183778 -0.567595 -0.333431 0.231858 0.270331 -0.121454 0.193673 -0.009471 0.496521 -0.663138 0.051059 -0.013964 0.085602 -0.662972 -0.029475 0.147566 0.072617 -0.044700 -0.808807 0.046999 0.102052 0.149886 -0.150076 0.047513 0.577327 0.275059 0.140005 -0.395314 0.317642 0.576020
0.390938 0.718176 0.001405 0.077622 0.618754 -0.021737 -0.560613 0.280172 0.304670 1.147108 -0.692735 -0.475593 -0.289112 -0.092227 0.145123 -0.864989 -0.331223 -0.107948 -0.390197 -0.288533 0.451551 0.235374 0.535528 -0.428247 0.786915 0.082059 0.028421 -0.187610 0.049381 -0.248036 0.315731 0.144473 -0.644768 0.289430 -0.429863 0.787988 -0.564570 1.199425 0.059520 0.612681 0.380084 -0.088520 -0.716727 0.060224 0.154832 0.542116 -0.944750 -0.181596 -0.882694 -1.231990 -0.319556 0.073764 0.443856 0.923725 -0.366881 0.718176 0.135029 -0.080375 0.618754 0.006122 0.631007 0.280172 0.094555 -1.240591 -0.692735 -0.054577 0.321311 -0.092227 0.037489 0.775904 -0.331223 -0.397281 0.521104 -0.288533 0.290864 -0.367649 0.535528 -0.321917 -0.729738 0.082059 0.295848 0.091463 0.049381 -0.297244 -0.517214 0.144473 -0.497897 -0.002468 -0.429863 0.839457 0.550880 1.199425 -0.137164 -0.606007 0.380084 0.126368 0.726459 0.060224 -0.099641 -0.571532 -0.944750 0.014770 0.720166 -1.231990 -0.602184 0.246617 0.443856 0.893246
-0.104472 0.705498 -0.249891 0.268044 0.753983 0.082170 0.512879 0.421352 -0.156645 -0.068964 -0.499515 -0.055607 0.231299 -1.042936 -0.105119 0.973188 -1.398468 -0.220070 0.259161 -0.851599 -0.180997 -1.074069 0.059477 0.039335 -1.159667 0.536566 0.504385 0.038870 0.580813 -0.033623 0.838949 0.052424 -0.235092 0.147158 0.372327 0.478106 -0.208256 -1.256086 -0.044889 0.374673 0.762814 -0.030531 -0.585198 0.713846 0.227234 0.358381 -0.569736 -0.244690 -0.444065 -0.035523 0.653515 -0.083091 1.173003 -0.417679 0.012703 0.705498 -0.270553 -0.223775 0.753983 0.168891 -0.535524 0.421352 0.028217 0.045786 -0.499515 -0.075841 -0.253303 -1.042936 -0.019671 -0.989766 -1.398468 0.126052 -0.305436 -0.851599 -0.081443 1.022748 0.059477 -0.330391 1.262240 0.536566 0.077338 -0.048026 0.580813 -0.018301 -0.868760 0.052424 0.066024 0.025238 0.372327 0.499604 0.180344 -1.256086 -0.113409 -0.362519 0.762814 0.099456 0.627625 0.713846 0.013380 -0.420457 -0.569736 -0.107360 0.640800 -0.035523 0.462224 -0.064774 1.173003 -0.420909
0.077353 0.349766 -0.115183 -0.135058 0.480211 0.176027 -0.170970 -0.064902 0.369605 -0.128012 0.506469 -0.264205 -0.286510 0.682006 0.132609 -0.073003 -0.109199 -0.280711 0.375392 -0.352994 0.260154 0.693539 0.014988 -0.321395 0.492655 0.005489 -0.063654 -0.354909 0.574592 0.076956 -0.583223 -0.032750 -0.007984 0.622828 0.514894 -0.013263 -0.920013 -2.903861 -0.166860 0.610659 1.192322 0.126533 -0.092396 0.728294 0.008149 -0.263220 -0.626411 0.251326 1.045063 0.084448 -0.650712 -0.658705 -0.543278 0.167242 -0.112083 0.349766 -0.081780 0.187118 0.480211 0.119218 0.287072 -0.064902 0.288840 0.029928 0.506469 -0.292054 0.314586 0.682006 0.026619 -0.027408 -0.109199 -0.288751 -0.263775 -0.352994 0.372856 -0.761637 0.014988 -0.064809 -0.484715 0.005489 0.108683 0.359826 0.574592 -0.049071 0.545320 -0.032750 -0.206977 -0.589803 0.514894 0.200557 0.807460 -2.903861 -0.471460 -0.530555 1.192322 0.327760 0.089611 0.728294 -0.023944 0.333304 -0.626411 0.146142 -1.204594 0.084448 -0.254037 0.676181 -0.543278 -0.068134
0.283153 -0.460714 -0.297293 0.267775 -0.449893 -0.099496 -0.314833 -0.007700 0.283332 0.190450 0.028107 -0.051248 0.365548 -0.228437 -0.131939 -0.417420 -0.155458 -0.266297 -0.253965 -0.286478 0.188972 1.699295 -1.121113 -0.556379 -1.761912 1.526190 0.866164 -0.561695 0.154264 -0.076541 0.173737 -0.400107 -0.189804 0.373606 0.036120 0.113153 -0.109365 0.295892 0.010392 -0.140633 -0.628395 -0.018155 0.446224 -0.435622 -0.063130 -0.084502 0.117923 -0.002791 0.066974 0.673865 0.166090 -0.354348 0.299241 0.505657 -0.367756 -0.460714 -0.182520 -0.285656 -0.449893 -0.001911 0.392751 -0.007700 0.158566 -0.196492 0.028107 0.016980 -0.388629 -0.228437 0.001042 0.301168 -0.155458 -0.393003 0.303281 -0.286478 0.090715 -1.787108 -1.121113 0.058368 1.951902 1.526190 0.211318 0.501642 0.154264 -0.264036 -0.228176 -0.400107 -0.118936 -0.312374 0.036120 0.234110 0.106324 0.295892 -0.027640 0.125942 -0.628395 -0.065159 -0.440905 -0.435622 0.093295 0.078451 0.117923 -0.031524 -0.006129 0.673865 0.178980 0.505923 0.299241 0.353968
0.104206 0.205336 -0.022556 -0.482352 0.443302 0.278237 -0.003912 1.346542 0.275603 -0.726015 0.200032 0.322401 -0.653513 0.110102 0.124805 0.192138 -0.415166 -0.133425 0.710904 -0.385645 0.151158 0.794301 -0.864583 0.002152 -0.424030 0.251859 -0.079031 0.130211 1.019187 -0.380854 0.128973 -0.613698 0.464537 -1.012667 -0.143996 -0.805461 0.358610 0.603879 0.032425 0.009927 1.002521 0.007651 -0.350407 -0.309373 -0.114502 -0.036796 -0.890983 0.172200 -0.168375 -1.554446 -0.860795 1.166260 0.076200 -0.221611 -0.105636 0.205336 0.014445 0.548425 0.443302 0.096484 0.097937 1.346542 0.257644 0.792498 0.200032 0.054647 0.656787 0.110102 -0.106237 -0.226184 -0.415166 -0.059663 -0.616333 -0.385645 0.385185 -0.745663 -0.864583 0.273689 0.371428 0.251859 -0.219291 -0.252618 1.019187 -0.313350 0.037686 -0.613698 0.480633 0.676112 -0.143996 -1.103238 -0.325894 0.603879 0.153122 -0.006712 1.002521 0.010585 0.290112 -0.309373 -0.227443 0.093472 -0.890983 0.149230 -0.136189 -1.554446 -0.866470 -1.171721 0.076200 0.190639
0.167713 -0.534895 0.244851 -0.103468 -0.519800 -0.188853 -0.870398 0.846601 -0.479650 -0.109668 -0.892810 0.675148 -0.170570 0.097858 -0.047817 1.187293 0.288377 0.010417 1.048760 0.602919 -0.460308 -0.395600 0.770472 0.428026 -0.655019 0.703173 -0.202705 0.174148 -0.045754 -0.005314 -0.966376 -0.487428 -0.679666 1.024766 -0.471103 0.563709 0.121552 0.698929 -0.030560 -0.059494 0.208856 0.016175 -0.302654 -0.225096 -0.006200 -0.152881 -0.314813 0.122140 0.197979 -0.306515 -0.542185 -0.320835 -0.724561 0.852794 -0.073855 -0.534895 0.287446 0.032637 -0.519800 -0.212852 0.653856 0.846601 -0.748418 0.333968 -0.892810 0.596923 0.143929 0.097858 -0.103272 -1.112128 0.288377 0.415867 -1.142947 0.602919 -0.073851 0.518136 0.770472 0.266909 0.546187 0.703173 -0.414510 -0.165463 -0.045754 0.054569 0.675638 -0.487428 -0.969197 -0.770165 -0.471103 0.880203 -0.124674 0.698929 0.012856 0.061438 0.208856 -0.005148 0.282282 -0.225096 -0.109340 0.185436 -0.314813 0.062485 -0.371478 -0.306515 -0.441774 0.593159 -0.724561 0.691632
0.196917 -0.312879 -0.076278 -0.062930 -0.357460 0.178174 -1.687068 0.839071 -0.345149 0.509849 -0.187120 0.155820 0.189949 -0.466744 -0.347867 0.483586 -1.763593 0.428416 -0.217616 -1.151879 -0.249248 0.076060 0.749575 0.080998 0.687173 0.340296 -0.408865 -0.601144 0.937932 0.875270 0.840556 0.209176 0.301245 -0.723921 -0.003278 -0.492836 -0.048628 -0.074800 0.022089 -0.121911 -0.420200 0.021266 0.186331 -0.163578 -0.222016 -0.029958 0.499430 0.138197 0.494487 0.931853 -0.141175 -0.071296 0.041083 0.213846 -0.211130 -0.312879 -0.004328 0.120074 -0.357460 0.145906 1.467277 0.839071 -0.901345 -0.425808 -0.187120 0.320802 -0.297471 -0.466744 -0.261922 -0.307895 -1.763593 0.567975 0.119244 -1.151879 -0.308645 -0.043770 0.749575 0.102127 -0.785572 0.340296 -0.149180 0.864250 0.937932 0.616881 -0.686832 0.209176 0.570565 0.511704 -0.003278 -0.710710 0.053250 -0.074800 0.004125 0.121832 -0.420200 -0.021712 -0.251027 -0.163578 -0.144898 0.075418 0.499430 0.119617 -0.512951 0.931853 0.036463 0.140136 0.041083 0.176565
-0.036688 -0.172665 0.330504 0.004672 -0.348970 -0.294104 -0.060380 0.128574 -0.781795 -0.085695 0.225060 0.744265 0.246615 -0.105573 -0.481049 -0.530852 -0.169728 1.189921 -0.754718 -0.120390 -0.498084 0.931730 0.446508 0.414431 -0.223352 0.914333 -0.629168 0.297624 -1.731369 0.492171 -0.303874 0.630308 -0.259955 0.256869 0.180337 0.209638 -0.138149 -1.177916 0.027875 0.161919 1.079781 -0.030612 -0.042569 0.264294 -0.166593 -0.050216 -0.036995 0.084094 -0.444260 -0.938024 -0.011491 0.806458 1.035050 -0.443598 0.147514 -0.172665 0.298024 -0.104979 -0.348970 -0.274769 -0.210651 0.128574 -0.755298 0.335081 0.225060 0.670071 -0.396271 -0.105573 -0.367691 0.905815 -0.169728 0.936598 0.538848 -0.120390 -0.726175 -0.733796 0.446508 0.708108 -0.005306 0.914333 -0.667616 -0.111343 -1.731369 0.564283 0.196638 0.630308 -0.348209 -0.169677 0.180337 0.284849 0.139352 -1.177916 -0.021056 -0.162624 1.079781 0.026614 -0.016977 0.264294 -0.171106 0.075950 -0.036995 0.061847 0.413538 -0.938024 -0.162744 -0.909542 1.035050 -0.141021
-0.115809 0.152422 0.203647 0.313663 0.297336 0.106859 -0.568231 1.665607 0.110639 0.166268 0.474807 -0.352637 0.238534 0.665752 0.635902 0.408962 -0.455417 -0.117403 0.260685 -0.245303 0.548546 0.290829 -0.329701 -0.240476 0.043786 -0.674228 -0.061822 -1.020711 -0.576135 -0.143272 -0.410966 0.252634 -0.976343 0.200373 -0.276581 0.609599 0.186448 0.034094 0.065450 -0.188155 -0.238292 -0.045314 0.431876 0.580003 -0.247827 -0.044368 0.726552 0.176282 -0.469182 -0.440777 0.678010 0.397438 -1.277765 -1.605553 0.178476 0.152422 0.151756 -0.258199 0.297336 0.207694 0.571803 1.665607 -0.090380 -0.276850 0.474807 -0.274504 -0.006657 0.665752 0.679136 -0.424453 -0.455417 0.029550 -0.057350 -0.245303 0.604624 -0.355537 -0.329701 -0.126504 -0.062290 -0.674228 -0.043118 0.910153 -0.576135 -0.483736 0.052252 0.252634 -1.058021 0.020206 -0.276581 0.641368 -0.152818 0.034094 0.125272 0.161310 -0.238292 -0.106934 -0.490592 0.580003 -0.085171 0.101984 0.726552 0.150476 0.672780 -0.440777 0.476651 -0.922601 -1.277765 -1.372794
0.396815 0.328158 0.391990 -0.168592 0.224214 0.052853 -1.087473 1.008814 0.184822 -0.008124 -1.106231 -0.193820 -0.091393 -0.625978 0.474000 -0.153430 0.015643 -0.240578 -0.068936 0.769434 0.457397 -0.170261 0.356948 -0.322662 -0.282514 0.374425 0.470966 1.455138 -1.924384 -1.220389 0.336354 1.125016 0.496927 -0.348903 0.210598 -0.369125 -0.234790 -0.774055 0.040004 -0.026060 0.018636 -0.026390 0.144001 0.024402 -0.130328 0.161249 0.176128 0.075187 0.325407 0.780931 -0.029125 0.082570 -0.499451 -0.116979 -0.238816 0.328158 0.504068 0.176502 0.224214 -0.007996 1.085103 1.008814 -0.198261 -0.058656 -1.106231 -0.184910 0.247998 -0.625978 0.414156 0.061894 0.015643 -0.278546 0.221218 0.769434 0.406235 0.049636 0.356948 -0.361436 0.426556 0.374425 0.345938 -1.784780 -1.924384 -0.649104 -0.146110 1.125016 0.581999 0.201614 0.210598 -0.466196 0.234313 -0.774055 -0.042711 0.015462 0.018636 -0.033711 -0.179891 0.024402 -0.073217 -0.125809 0.176128 0.125803 -0.315744 0.780931 0.083927 -0.117600 -0.499451 -0.081684
0.197460 -0.015109 -0.317908 -0.316034 0.039746 0.034249 -0.190640 0.381272 -0.011345 0.285220 -0.377297 0.228901 0.603233 -0.395592 -0.017167 -1.877857 1.246694 0.169827 1.856890 -1.795888 -0.535236 -0.581403 0.310369 0.256996 0.032527 0.514724 0.380778 -0.030290 0.041595 0.104147 -0.151171 -0.170987 -0.114074 -0.109654 0.155693 -0.053461 -0.034396 -0.122282 0.028510 -0.063198 -0.525098 -0.016404 0.101908 0.406513 -0.051618 -0.034690 -0.050291 0.013417 0.150264 0.086283 0.140568 0.130895 0.145682 -0.447175 -0.294283 -0.015109 -0.231200 0.308689 0.039746 -0.075906 0.175263 0.381272 -0.075863 -0.189730 -0.377297 0.312647 -0.572726 -0.395592 0.190186 1.822692 1.246694 -0.482680 -1.927967 -1.795888 0.132136 0.634238 0.310369 0.042646 0.099669 0.514724 0.368939 0.064083 0.041595 0.087507 0.103039 -0.170987 -0.158898 0.084756 0.155693 -0.087741 0.042072 -0.122282 0.015027 0.053776 -0.525098 -0.037030 -0.113416 0.406513 -0.013650 0.037187 -0.050291 0.000744 -0.093125 0.086283 0.183484 -0.275944 0.145682 -0.375438
-0.218088 -0.006157 -0.221265 0.101543 -0.045228 -0.008734 0.174748 0.877516 -0.096240 0.495504 0.843124 -0.426863 0.366353 0.421160 -0.017548 -0.293385 0.075816 0.324931 -0.107216 -0.490585 -0.067577 -0.282190 -0.594166 0.417817 -0.330146 -0.573703 -0.203841 0.067484 -0.521095 0.035920 0.169445 0.443159 -0.151986 -0.035282 -0.162120 0.122748 0.227717 0.658621 -0.028724 0.418253 2.133126 -0.091866 -0.357553 -2.538331 -0.080264 -0.447195 -1.565865 0.165599 0.297498 1.744858 0.205074 -0.244812 -0.749504 -0.105476 0.129259 -0.006157 -0.282511 -0.098407 -0.045228 0.026523 -0.197126 0.877516 -0.030668 -0.611617 0.843124 -0.231648 -0.350261 0.421160 0.108811 0.386825 0.075816 0.204992 0.077638 -0.490585 -0.100171 0.408074 -0.594166 0.296104 0.240518 -0.573703 -0.304465 -0.051129 -0.521095 0.056834 -0.211209 0.443159 -0.084867 0.075136 -0.162120 0.103278 -0.223808 0.658621 0.050892 -0.424449 2.133126 0.056725 0.308538 -2.538331 -0.197714 0.476864 -1.565865 0.002662 -0.209417 1.744858 0.294456 0.193974 -0.749504 -0.182845
0.243302 -0.036084 0.356192 0.072834 0.207853 -0.602932 -0.016556 -1.011395 0.159083 -0.651671 -1.671892 -0.062066 -0.512173 -1.099441 0.526283 0.028027 -0.127344 0.271832 0.180836 0.279837 0.286880 0.326976 0.807999 -0.349206 0.759979 0.742223 0.043576 -0.847945 0.557726 -0.489999 -0.662002 -0.719754 -0.071639 0.252449 0.023606 0.079338 0.225841 0.120056 0.074614 0.057935 0.569352 -0.090283 -0.321883 -1.352152 -0.063854 -0.087062 -0.010416 0.086855 0.257342 1.512481 0.430939 0.649858 1.323278 -0.798391 -0.106805 -0.036084 0.417925 -0.274656 0.207853 -0.541661 0.069967 -1.011395 0.143826 0.591142 -1.671892 -0.281208 0.661284 -1.099441 0.319371 0.066635 -0.127344 0.265024 -0.071812 0.279837 0.331428 -0.426692 0.807999 -0.216314 -0.699242 0.742223 0.300876 0.629218 0.557726 -0.750463 0.597576 -0.719754 -0.293736 -0.210089 0.023606 0.160896 -0.186702 0.120056 0.147356 -0.085320 0.569352 -0.065023 0.280632 -1.352152 -0.170093 0.111518 -0.010416 0.051840 -0.094433 1.512481 0.492966 -0.883732 1.323278 -0.527978
0.203085 -0.223858 -0.441821 -0.392044 0.318154 0.094580 0.385734 0.907720 -0.587753 -0.015546 0.233173 0.184004 0.011480 -0.175267 0.049526 -0.555621 -1.402073 0.241791 -0.982042 -0.500930 0.257238 -0.065281 -0.465194 0.286076 0.457535 0.531205 0.385876 1.645149 1.813677 -0.355712 -1.098491 -1.048311 -0.605036 0.123205 0.033560 0.423195 -0.018000 0.128560 -0.021455 -0.134598 -0.391212 -0.005259 0.147466 0.049196 -0.139263 0.144145 0.411825 0.146024 0.211775 0.454002 0.183362 -0.075013 -0.499394 -0.228493 -0.341949 -0.223858 -0.345717 0.400750 0.318154 -0.045211 -0.563495 0.907720 -0.420378 0.077542 0.233173 0.167590 0.006151 -0.175267 0.050466 0.604810 -1.402073 0.037175 1.010798 -0.500930 -0.094153 0.159188 -0.465194 0.246496 -0.297965 0.531205 0.519091 -1.667595 1.813677 0.228414 0.825309 -1.048311 -0.944253 0.028966 0.033560 0.439811 0.009576 0.128560 -0.026318 0.124682 -0.391212 -0.050977 -0.186203 0.049196 -0.080428 -0.085509 0.411825 0.186518 -0.136290 0.454002 0.244736 -0.007660 -0.499394 -0.240369
1.318551 -0.793566 -0.617982 -1.513559 0.623539 -0.651846 -0.417694 -0.824225 0.018585 0.184501 -0.108474 0.948723 0.897614 1.495893 0.714936 0.100115 -0.267579 -0.842461 -0.291177 0.295970 -0.027506 -0.313283 -0.423002 0.084854 -0.190986 -0.906782 0.204803 -0.183766 -0.069282 0.238408 0.077670 0.207903 0.025026 0.023752 -0.003306 0.081486 -0.042561 -0.344320 -0.046748 0.182583 0.440585 0.033776 -0.219770 -0.642644 0.004290 0.131893 0.638790 0.019705 -0.122087 -0.187618 0.095567 0.323683 0.676993 -0.108291 -1.450395 -0.793566 -0.129742 1.199335 0.623539 -1.130202 0.398861 -0.824225 -0.125396 0.151108 -0.108474 0.954611 -0.598959 1.495893 0.978822 -0.382216 -0.267579 -0.757413 0.264209 0.295970 -0.125435 0.323412 -0.423002 -0.027412 0.249515 -0.906782 0.127131 0.254224 -0.069282 0.161178 -0.064426 0.207903 0.050081 0.005550 -0.003306 0.084695 0.024006 -0.344320 -0.058486 -0.160019 0.440585 0.094186 0.207984 -0.642644 -0.071135 -0.117199 0.638790 0.063627 0.147411 -0.187618 0.048047 -0.341201 0.676993 0.008946
0.020800 0.009700 0.007200 0.005700 0.004700 0.003300 0.002100 0.001600 0.001000 0.000900 0.000800 0.000800 0.000700 0.000600 0.000500 0.000500 0.000400 0.000400 0.000400 0.000300 0.000300 0.000300 0.000300 0.000300 0.000200 0.000200 0.000200 0.000200 0.000200 0.000200 0.000200 0.000100 0.000100 0.000100 0.000100 0.000100 0.000100 0.000100 0.000100 0.000100 0.000100 0.000100
0.987797 -0.000956 0.155743 -0.043956 0.957618 0.284666 -0.149415 -0.288039 0.945891
-9.271480 -7.240710 57.578800
