-8.37664 -7.07725 58.9041
-8.48014 -6.3353 56.3602
-8.53948 -6.25234 56.0014
-8.52598 -6.58177 56.0128
-8.45077 -6.76284 56.4469
-8.45126 -6.4385 56.7051
-8.39893 -6.97776 58.532
-8.33159 -7.36904 58.5442
-8.33768 -7.51856 58.9982
-8.34661 -7.23228 59.2532
-8.42744 -7.40394 59.6622
-8.46584 -7.82843 59.2697
-8.50939 -7.92327 58.878
-8.66702 -8.16185 58.3053
-8.75927 -7.71337 56.9227
-8.63377 -7.15826 56.5976
-8.61086 -6.69192 55.7624
-8.57227 -6.25808 55.8981
-10.149 -7.16434 58.9234
-10.1741 -6.41853 56.3786
-10.1309 -6.33054 56.0188
-10.1118 -6.6597 56.0301
-10.1595 -6.8468 56.4655
-10.1852 -6.5237 56.724
-10.1447 -7.06355 58.551
-10.1731 -7.45953 58.5642
-10.1425 -7.60725 59.0178
-10.1561 -7.3212 59.2729
-10.05 -7.48367 59.6799
-9.97871 -7.90277 59.2861
-9.93459 -7.9933 58.8935
-9.76681 -8.21589 58.3172
-9.74902 -7.76201 56.9334
-9.93537 -7.22222 56.6118
-10.022 -6.76126 55.7778
-10.1 -6.33315 55.9147
