-3.28505 -3.42583 42.3799
-3.3391 -2.76053 39.9378
-3.3585 -2.61231 39.5846
-3.33161 -3.07718 39.569
-3.31158 -3.21214 40.1071
-3.34403 -2.77433 40.3442
-3.30302 -3.25239 42.0242
-3.26056 -3.73058 42.0028
-3.26471 -3.89354 42.5178
-3.27885 -3.5161 42.7568
-3.35443 -3.69072 43.0909
-3.39652 -4.3617 42.8865
-3.4082 -4.43351 42.4434
-3.53978 -4.76997 41.9507
-3.55977 -4.37104 40.5533
-3.41235 -3.72691 40.1864
-3.46122 -3.21814 39.3004
-3.42101 -2.60681 39.3804
-4.84832 -3.43444 42.4086
-4.89131 -2.76908 39.9663
-4.88653 -2.62072 39.6127
-4.90886 -3.08587 39.598
-4.90762 -3.22092 40.1365
-4.87132 -2.78274 40.3722
-4.84533 -3.26088 42.0525
-4.88328 -3.73951 42.0326
-4.85843 -3.90232 42.5471
-4.83967 -3.52469 42.7854
-4.74996 -3.6984 43.1166
-4.70802 -4.36892 42.9106
-4.71183 -4.44069 42.4674
-4.59474 -4.77578 41.9701
-4.63047 -4.37693 40.573
-4.79836 -3.73455 40.2119
-4.78765 -3.22544 39.3248
-4.83163 -2.61458 39.4064
-8.48606 -7.00964 58.8653
-8.55328 -6.29209 56.4384
-8.57682 -6.13688 56.0885
-8.52971 -6.59968 56.0627
-8.5073 -6.74581 56.5978
-8.5602 -6.3153 56.8443
-8.50925 -6.82911 58.5135
-8.44598 -7.30441 58.4817
-8.44636 -7.47904 58.9929
-8.47837 -7.10807 59.2401
-8.54844 -7.29332 59.5697
-8.56011 -7.96068 59.35
-8.56584 -8.02287 58.9054
-8.67957 -8.35344 58.4043
-8.70789 -7.92416 57.0161
-8.58617 -7.26612 56.6648
-8.65138 -6.73997 55.79
-8.63821 -6.12945 55.884
-10.0476 -7.08637 58.8823
-10.1038 -6.36828 56.4553
-10.1032 -6.21188 56.1051
-10.1053 -6.6771 56.0798
-10.1016 -6.82415 56.6151
-10.0858 -6.39027 56.8609
-10.0499 -6.90481 58.5302
-10.0669 -7.38406 58.4994
-10.0384 -7.55727 59.0102
-10.0375 -7.18468 59.2571
-9.94246 -7.36182 59.5849
-9.8702 -8.02506 59.3643
-9.86806 -8.08686 58.9195
-9.73339 -8.40522 58.4158
-9.77744 -7.97672 57.0277
-9.97068 -7.33415 56.6799
-9.97638 -6.80508 55.8045
-10.0473 -6.19869 55.8994
