-2.88887 0.797454 10.4264
-2.91724 0.805866 7.91066
-2.9348 0.943379 7.57417
-2.87811 0.572776 7.66537
-2.86905 0.559018 8.14581
-2.90597 0.936484 8.24858
-2.90018 0.916639 10.0809
-2.85456 0.573504 10.1686
-2.86679 0.535467 10.6661
-2.89931 0.876571 10.7915
-3.03046 0.830164 11.2937
-3.12723 0.127199 11.322
-3.10034 0.0720857 10.971
-3.22936 -0.193521 10.25
-3.21147 -0.175199 8.90963
-3.03134 0.217878 8.2492
-3.09448 0.427859 7.32687
-3.03125 0.944253 7.39787
-4.66533 0.801181 10.4193
-4.61663 0.809431 7.9038
-4.59578 0.946863 7.56747
-4.65476 0.576503 7.6582
-4.66776 0.562792 8.13856
-4.63008 0.940101 8.24163
-4.65074 0.920311 10.0738
-4.6985 0.577372 10.1612
-4.69045 0.539293 10.6588
-4.65751 0.88026 10.7844
-4.53061 0.833311 11.2876
-4.43702 0.129947 11.3167
-4.46131 0.074941 10.9655
-4.3276 -0.191217 10.2456
-4.33459 -0.172843 8.9051
-4.50773 0.220975 8.24325
-4.43627 0.430674 7.32146
-4.49791 0.94733 7.39195
