-2.99511 0.964913 10.4583
-2.99041 0.977326 7.92673
-3.00086 1.02939 7.54693
-2.97762 0.576175 7.65241
-2.97045 0.584675 8.20745
-3.00427 1.06891 8.32265
-3.00387 1.0407 10.0696
-2.96506 0.573092 10.1734
-2.98179 0.548622 10.7127
-2.99788 0.975004 10.8458
-3.0822 0.892775 11.2119
-3.12558 0.191876 11.1866
-3.12825 0.00814044 10.7769
-3.25198 -0.443754 10.3848
-3.23819 -0.419082 8.93166
-3.07731 0.108093 8.41454
-3.10257 0.370993 7.42633
-3.05887 0.982154 7.34683
-4.55866 0.968194 10.452
-4.54289 0.980583 7.92046
-4.52915 1.0326 7.54077
-4.55515 0.579485 7.64604
-4.56676 0.588024 8.20101
-4.53183 1.07212 8.31648
-4.54645 1.04394 10.0634
-4.58806 0.576498 10.1668
-4.57578 0.551967 10.7063
-4.55897 0.97828 10.8395
-4.47796 0.895704 11.2062
-4.43731 0.194629 11.1813
-4.43211 0.0108762 10.7716
-4.30712 -0.44154 10.3805
-4.30908 -0.416835 8.92734
-4.46356 0.111001 8.40895
-4.42923 0.373776 7.42098
-4.46973 0.985114 7.34114
