7.501064 1.472047e+01
9.333494 1.085651e+01

0.910113 6.097083e+00
0.191434 1.676745e+01
3.427541 2.026602e+01
1.584144 2.127611e+01
0.326597 1.651014e+01

0.159365 9.022178e+00
0.082920 1.736892e+01
4.761896 1.397891e+01
1.978348 2.039115e+01
0.528527 6.657181e+00

10.982252 2.271197e+01
2.915729 1.188459e+01
6.655161 1.660987e+01

12.556076 2.374965e+01
5.832151 1.365205e+01
7.278153 1.632174e+01

14.479441 2.573217e+01
8.104605 1.571915e+01
8.177275 1.680378e+01

73.857567 2.136838e+01
2.546989 1.655021e+01

2.264960 8.273314e+00
25.592319 1.417078e+01

11.742026 2.103585e+01
0.831763 9.619500e+00

9.141401 1.738976e+01

6.886424 1.403903e+01
2.588179 8.171121e+00

44.268206 3.462802e+01
1.826513 1.171461e+01
45.154005 2.953527e+01
35.827458 1.557217e+01

30.004696 4.101860e+01
0.593534 1.054339e+01

22.543846 3.476968e+01
9.696281 1.844382e+01

22.487603 3.492153e+01
10.046226 1.855855e+01

100.660139 1.584877e+01
49.523282 2.215272e+01
3.180966 7.277182e+00

4.776956 2.220920e+01
0.837156 2.240280e+01
0.806818 9.851225e+00

19.007389 3.331397e+01
9.318233 1.836022e+01

5.040750 1.164497e+01

0.153049 2.378108e+01
0.482531 1.420699e+01
0.251013 9.957097e+00

0.904569 2.824335e+01
1.360523 3.466604e+01
0.505021 1.427352e+01
0.226610 1.398965e+01

47.725516 2.423423e+01
49.206399 3.343146e+01
1.751312 1.284508e+01

19.490268 2.876969e+01
11.926676 1.870512e+01
1.243200 6.745130e+00
9.748692 1.138789e+01

9.130475 2.700992e+01
10.398230 2.963960e+01
6.456937 3.141368e+01
0.442173 1.253725e+01

0.874234 3.912978e+01
2.351753 3.027102e+01
1.736891 2.168134e+01

0.175319 2.981634e+01
1.599819 3.819900e+01
2.380889 2.844275e+01

105.592352 2.106779e+01
4.668354 1.571898e+01
448.207981 2.294469e+01

123.139319 2.249837e+01
14.423768 1.535929e+01
21.386114 1.536633e+01

21.476763 3.431820e+01
53.717720 6.491281e+01
4.328870 1.244043e+01

27.004470 2.887619e+01
20.704312 2.080089e+01
9.831606 1.735708e+01
0.427205 6.201412e+00

76.810476 4.327698e+01
2.302648 2.629694e+01
56.151460 3.376445e+01
1.439392 1.952655e+01
0.143050 1.167782e+01

47.695673 3.404248e+01
58.823983 4.408681e+01
32.302734 1.484867e+01
41.680565 1.731293e+01

0.563922 1.200734e+01

73.976036 5.728035e+01
1.383699 2.411893e+01
66.719338 4.514538e+01
1.977238 2.546279e+01
0.469610 6.434939e+00

1.084029 5.611286e+00
17.921549 2.098073e+01
12.244409 1.300261e+01

1.059091 1.013690e+01
0.525507 1.196177e+01
0.848157 1.112371e+01

17.617829 2.322973e+01
9.234599 1.812706e+01
3.423086 1.075788e+01

74.173238 1.424407e+01

72.156029 5.409658e+01
3.071642 2.509451e+01
82.602800 3.565448e+01
0.406209 2.468468e+01
0.246982 5.389345e+00

412.155655 2.537580e+01
57.681529 3.457102e+01
0.929429 4.114693e+00
0.696396 1.495316e+01

1.100506 7.732528e+00
0.468954 1.244085e+01

1.743821 1.220149e+01

54.427248 4.633536e+01
45.634752 2.885719e+01
15.581394 1.476805e+01

23.930088 4.520521e+01
19.421423 3.200980e+01
16.509047 3.013745e+01
17.499944 2.542166e+01

0.819181 1.948759e+01
1.547515 1.937035e+01
0.220598 6.764256e+00

60.193344 4.859763e+01
424.425408 2.593925e+01
236.086132 2.530216e+01
0.240162 1.664065e+01
1.636763 7.723297e+00

0.250503 2.855749e+01
0.338238 1.216091e+01
1.041648 3.766214e+00

62.911424 3.917413e+01
1.525853 3.455468e+00
2.893173 1.810266e+01

14.504934 2.654207e+01
22.927592 3.245575e+01
0.247728 6.189991e+00

59.194596 1.686159e+01
137.211249 1.409521e+01
0.572965 7.859356e+00

16.023793 1.952755e+01
0.633040 6.420342e+00
15.286525 1.910213e+01

0.930845 1.217724e+01

1.680639 1.338757e+01
62.116497 7.395782e+01
1.357115 2.379655e+01
20.894134 2.928772e+01
0.449231 9.302016e+00

85.135489 4.837974e+01
40.938980 3.254749e+01
14.119151 3.169909e+01
0.170974 2.157289e+01

0.324388 1.488425e+01

37.722635 5.153198e+01
42.381967 5.591165e+01
24.222951 3.212371e+01
18.576120 2.341976e+01

26.953650 4.901663e+01

0.156458 1.771868e+01
1.947424 1.904710e+01
0.470885 1.319711e+01
0.320776 1.329004e+01

0.353833 3.191140e+01
0.228070 1.794716e+01
0.791798 6.616646e+00

18.603383 2.979755e+01
1.917725 5.852298e+00

3.473440 2.299554e+01

9.951440 2.367892e+01
2.517890 1.338469e+01
1.717805 1.112758e+01

49.722550 3.794852e+01
0.225501 7.431751e+00

47.256764 3.907692e+01
41.251932 1.962543e+01
35.498970 1.168739e+01

0.082077 1.423328e+01

60.627396 3.777300e+01
25.426600 2.382707e+01
56.774054 3.341776e+01
1.707061 1.208251e+01

75.587809 5.870612e+01
65.155052 4.063054e+01
86.709602 3.503351e+01
63.633985 2.984502e+01
0.981276 1.339224e+01

