0.716914 1.472047e+01
0.920948 1.085651e+01

1.399240 6.097083e+00
0.191030 1.676745e+01
4.673351 2.026602e+01
1.586266 2.127611e+01
0.324931 1.651014e+01

0.159375 9.022178e+00
0.082139 1.736892e+01
5.378997 1.397891e+01
0.293375 2.039115e+01
0.325161 6.657181e+00

3.930055 2.271197e+01
0.974223 1.188459e+01
4.245515 1.660987e+01

23.369054 2.374965e+01
0.182504 1.365205e+01
3.795859 1.632174e+01

0.582383 2.573217e+01
0.241639 1.571915e+01
1.082870 1.680378e+01

1.215810 2.136838e+01
0.899611 1.655021e+01

0.960566 8.273314e+00
0.152894 1.417078e+01

10.278728 2.103585e+01
0.217023 9.619500e+00

7.396317 1.738976e+01

4.207809 1.403903e+01
0.270161 8.171121e+00

0.976981 3.462802e+01
0.904541 1.171461e+01
1.248534 2.953527e+01
0.763178 1.557217e+01

30.782840 4.101860e+01
0.593354 1.054339e+01

1.897195 3.476968e+01
1.300850 1.844382e+01

1.474911 3.492153e+01
0.628459 1.855855e+01

0.211474 1.584877e+01
1.844713 2.215272e+01
0.207432 7.277182e+00

5.188029 2.220920e+01
0.374638 2.240280e+01
0.752315 9.851225e+00

1.924298 3.331397e+01
0.244790 1.836022e+01

1.654083 1.164497e+01

0.534149 2.378108e+01
0.483032 1.420699e+01
0.250913 9.957097e+00

3.347626 2.824335e+01
3.043507 3.466604e+01
0.504635 1.427352e+01
0.251952 1.398965e+01

1.448850 2.423423e+01
1.627497 3.343146e+01
1.549865 1.284508e+01

0.925031 2.876969e+01
1.793763 1.870512e+01
1.290069 6.745130e+00
0.220702 1.138789e+01

2.824612 2.700992e+01
4.645643 2.963960e+01
1.215059 3.141368e+01
0.175842 1.253725e+01

4.233773 3.912978e+01
4.931853 3.027102e+01
1.893909 2.168134e+01

0.481526 2.981634e+01
3.440682 3.819900e+01
4.233786 2.844275e+01

0.175172 2.106779e+01
1.793782 1.571898e+01
0.739741 2.294469e+01

1.402819 2.249837e+01
0.518763 1.535929e+01
0.591391 1.536633e+01

19.928605 3.431820e+01
53.717526 6.491281e+01
4.848861 1.244043e+01

0.816148 2.887619e+01
0.898534 2.080089e+01
4.353980 1.735708e+01
0.314311 6.201412e+00

44.310187 4.327698e+01
1.915078 2.629694e+01
3.089324 3.376445e+01
1.438873 1.952655e+01
0.167839 1.167782e+01

0.814142 3.404248e+01
4.864466 4.408681e+01
0.596790 1.484867e+01
0.481027 1.731293e+01

0.564026 1.200734e+01

3.159620 5.728035e+01
0.297685 2.411893e+01
1.550693 4.514538e+01
2.105860 2.546279e+01
0.234574 6.434939e+00

1.087662 5.611286e+00
2.864974 2.098073e+01
1.036308 1.300261e+01

0.683712 1.013690e+01
0.524961 1.196177e+01
0.769494 1.112371e+01

4.375770 2.322973e+01
3.011321 1.812706e+01
1.260530 1.075788e+01

0.549475 1.424407e+01

2.331950 5.409658e+01
1.019139 2.509451e+01
0.262284 3.565448e+01
1.305059 2.468468e+01
0.216883 5.389345e+00

0.135288 2.537580e+01
0.725853 3.457102e+01
0.825063 4.114693e+00
0.695695 1.495316e+01

0.613917 7.732528e+00
0.468463 1.244085e+01

1.742804 1.220149e+01

0.462016 4.633536e+01
2.160020 2.885719e+01
0.075645 1.476805e+01

2.254511 4.520521e+01
2.169956 3.200980e+01
0.060441 3.013745e+01
0.649102 2.542166e+01

1.316821 1.948759e+01
2.063367 1.937035e+01
0.220055 6.764256e+00

0.506672 4.859763e+01
1.544655 2.593925e+01
0.320282 2.530216e+01
0.238168 1.664065e+01
1.064569 7.723297e+00

0.460371 2.855749e+01
0.337188 1.216091e+01
1.040325 3.766214e+00

0.754984 3.917413e+01
1.491241 3.455468e+00
0.408527 1.810266e+01

2.529843 2.654207e+01
4.366512 3.245575e+01
0.379351 6.189991e+00

1.234563 1.686159e+01
0.358845 1.409521e+01
0.573152 7.859356e+00

0.962800 1.952755e+01
0.633317 6.420342e+00
1.418788 1.910213e+01

0.930194 1.217724e+01

1.576218 1.338757e+01
62.644692 7.395782e+01
0.613251 2.379655e+01
20.893637 2.928772e+01
2.285091 9.302016e+00

2.662598 4.837974e+01
0.168209 3.254749e+01
1.088874 3.169909e+01
0.063988 2.157289e+01

0.323649 1.488425e+01

0.437828 5.153198e+01
0.688449 5.591165e+01
1.980584 3.212371e+01
0.362750 2.341976e+01

0.899241 4.901663e+01

1.248296 1.771868e+01
1.673920 1.904710e+01
0.522753 1.319711e+01
0.320932 1.329004e+01

1.895705 3.191140e+01
0.228943 1.794716e+01
0.705940 6.616646e+00

1.113206 2.979755e+01
1.440266 5.852298e+00

0.330308 2.299554e+01

0.694747 2.367892e+01
0.275040 1.338469e+01
0.378527 1.112758e+01

0.985830 3.794852e+01
0.559916 7.431751e+00

0.893980 3.907692e+01
2.119398 1.962543e+01
0.306055 1.168739e+01

0.080881 1.423328e+01

1.367300 3.777300e+01
0.335111 2.382707e+01
1.537775 3.341776e+01
1.707544 1.208251e+01

1.496588 5.870612e+01
1.285734 4.063054e+01
0.063405 3.503351e+01
1.953965 2.984502e+01
0.982270 1.339224e+01

