7.07827 0.901865 16.9933
4.38185 1.21511 18.7409
4.21459 1.38526 19.425
4.47662 1.02966 19.0468
4.78594 0.901053 17.9131
4.76431 1.30993 18.3967
6.73063 0.97871 17.1227
6.68898 0.612842 16.8757
7.22722 0.522318 16.7645
7.4704 0.881059 17.2441
7.93106 0.717335 17.2586
7.84023 0.094561 17.4173
7.44398 0.102799 17.4808
6.88555 -0.106208 17.7851
5.41265 0.00547803 17.3123
4.83028 0.450057 17.077
4.31751 0.885811 19.9235
3.93422 1.35085 19.5617
7.99038 0.914642 20.7367
4.79179 1.22085 20.4234
4.32832 1.38686 19.8918
4.73554 1.03328 20.1094
5.53187 0.911502 20.9745
5.28958 1.31729 20.5525
7.62203 0.991197 20.7812
7.69927 0.626994 21.0221
8.22847 0.536344 20.8738
8.22324 0.891605 20.3339
8.62582 0.727068 20.1101
8.47318 0.103428 20.015
8.0921 0.111878 20.1408
7.45659 -0.0982088 20.1288
6.36611 0.0188344 21.2255
5.95653 0.465834 21.6994
4.1912 0.884042 19.4051
4.01657 1.352 19.8996
