7.21465 1.21003 18.2487
4.75809 1.2177 18.8552
4.41831 1.09371 18.9612
4.51587 0.747468 18.9151
5.01099 0.748915 18.7822
5.1452 1.17919 18.7781
6.84245 1.1457 18.3549
6.94504 0.772252 18.3058
7.45195 0.75613 18.1927
7.58058 1.09123 18.1682
8.07645 1.02063 18.1161
8.07087 0.35319 18.1566
7.27499 0.268306 18.3186
6.9324 -0.161529 18.506
5.67249 -0.137683 18.8134
5.28421 0.357694 18.7746
4.32498 0.568149 19.0373
4.26435 1.04271 19.007
7.5335 1.2145 19.5573
5.07329 1.22211 20.1488
4.72302 1.09798 20.2118
4.8314 0.751888 20.2101
5.33214 0.753414 20.1003
5.45254 1.18349 20.0395
7.15428 1.15007 19.6347
7.26852 0.776784 19.6335
7.77069 0.760595 19.5008
7.89564 1.09565 19.4613
8.36 1.02461 19.2799
8.33746 0.356925 19.2508
7.55642 0.272248 19.4736
7.16671 -0.158246 19.4676
5.90656 -0.134404 19.774
5.57887 0.361822 19.9839
4.60595 0.572085 20.1905
4.56533 1.04692 20.2423
