36
6.245384 0.889600 20.517440
1.520800 1.636200 3.860000
721.500000 0.000000 609.500000 0.000000 721.500000 172.800000 0.000000 0.000000 1.000000
909.804915 207.972868
791.300726 219.771015
773.873640 225.980566
779.101766 211.698599
805.242396 208.593823
810.470522 222.875791
894.120537 212.940509
895.863246 198.658541
920.261167 194.932811
923.746584 207.351913
941.173671 202.384272
934.202836 176.925112
916.775750 176.925112
888.892411 168.852696
834.868443 173.199381
813.955939 191.828035
766.902805 204.868092
761.674679 225.359611
887.149702 204.868092
777.359057 217.287195
761.674679 221.633881
763.417388 208.593823
787.815309 206.110003
794.786144 219.150060
873.208033 209.835733
873.208033 196.174721
894.120537 193.069945
901.091372 204.868092
918.518458 200.521407
915.033041 176.304157
899.348663 176.925112
876.693451 168.852696
826.154899 173.199381
796.528852 190.586125
756.446553 204.868092
754.703845 221.633881
1.000000
1.000000
1.000000
1.000000
1.000000
1.000000
1.000000
1.000000
1.000000
1.000000
1.000000
1.000000
1.000000
1.000000
1.000000
1.000000
1.000000
1.000000
1.000000
1.000000
1.000000
1.000000
1.000000
1.000000
1.000000
1.000000
1.000000
1.000000
1.000000
1.000000
1.000000
1.000000
1.000000
1.000000
1.000000
1.000000
7.291576 1.444966 19.592306
4.804514 1.444056 20.066650
4.430135 1.513786 20.147472
4.531935 1.049417 20.105570
5.080345 1.061668 19.993709
5.195231 1.552373 20.003848
6.910579 1.534256 19.673316
7.007067 1.057039 19.616722
7.541826 1.034343 19.529396
7.673632 1.471274 19.520560
8.034210 1.389627 19.529951
8.019277 0.684761 19.572255
7.662979 0.488398 19.646804
7.300270 0.031573 19.831877
5.853730 0.048467 20.096814
5.298879 0.576416 20.053972
4.332150 0.839473 20.263935
4.240602 1.465820 20.242803
7.556914 1.444966 20.997316
5.068152 1.444056 21.462662
4.690082 1.513786 21.523940
4.800153 1.049417 21.525830
5.351587 1.061668 21.429984
5.454863 1.552373 21.378646
7.172613 1.534256 21.060834
7.283095 1.057039 21.078341
7.812871 1.034343 20.964628
7.938821 1.471274 20.924788
8.271140 1.389627 20.784542
8.241808 0.684761 20.750597
7.882862 0.488398 20.811123
7.477638 0.031573 20.771075
6.034104 0.048467 21.051931
5.533092 0.576416 21.294174
4.556372 0.839473 21.451233
4.478837 1.465820 21.504297
42
-0.087157 -0.466410 0.105409 -0.117298 -0.464312 0.098806 -0.043622 -0.365686 0.066910 -0.133019 -0.219827 0.079484 -0.150197 -0.267956 0.083318 -0.190293 -0.358654 0.125188 -0.037917 -0.366376 0.083603 -0.086152 -0.184653 0.119306 -0.097622 -0.198226 0.079328 -0.153527 -0.350086 0.104090 0.176894 -0.352362 0.072601 0.104109 -0.925581 0.144920 -1.973619 -0.018352 0.391814 -2.406718 0.377439 0.510604 0.048876 0.300180 0.093284 0.074591 0.044560 0.011819 -0.179681 -0.116885 0.030381 -0.158688 -0.241499 0.083256 -0.119596 -0.466410 -0.066364 -0.145253 -0.464312 -0.049223 -0.065019 -0.365686 -0.046393 -0.152845 -0.219827 -0.025499 -0.170238 -0.267956 -0.022804 -0.222843 -0.358654 -0.047167 -0.065795 -0.366376 -0.064017 -0.123728 -0.184653 -0.079670 -0.119829 -0.198226 -0.038262 -0.180914 -0.350086 -0.040930 0.138234 -0.352362 -0.132114 0.044087 -0.925581 -0.172907 -1.980582 -0.018352 0.354941 -2.427175 0.377439 0.402282 0.011490 0.300180 -0.104684 0.065143 0.044560 -0.038208 -0.178386 -0.116885 0.037241 -0.178122 -0.241499 -0.019649
-0.014886 -0.248652 0.555034 -0.633065 -0.266840 0.672160 -0.547037 -0.473015 0.676511 -0.567339 -0.279994 0.667703 -0.742287 -0.307560 0.696772 -0.702918 -0.459335 0.705175 0.069862 -0.449800 0.549853 0.063747 -0.195133 0.563622 -0.034664 -0.170582 0.543669 -0.067656 -0.342919 0.532364 0.568951 -0.296013 0.323334 0.613853 0.285590 0.226954 0.372789 0.131617 0.236872 0.653958 0.115769 0.186951 -0.778110 0.125019 0.484398 -0.439168 -0.001941 0.477760 -0.660219 -0.122865 0.534714 -0.570442 -0.606055 0.560246 -0.216279 -0.248652 -0.511378 -0.834598 -0.266840 -0.394991 -0.756082 -0.473015 -0.430416 -0.771773 -0.279994 -0.414811 -0.945273 -0.307560 -0.378074 -0.911680 -0.459335 -0.400257 -0.135478 -0.449800 -0.537461 -0.146194 -0.195133 -0.548052 -0.230550 -0.170582 -0.493583 -0.257147 -0.342919 -0.471024 0.411847 -0.296013 -0.508559 0.488806 0.285590 -0.435192 0.260727 0.131617 -0.356512 0.540738 0.115769 -0.412571 -0.901177 0.125019 -0.167263 -0.583157 -0.001941 -0.284693 -0.809756 -0.122865 -0.257108 -0.735473 -0.606055 -0.313623
-0.294209 -0.140775 -0.221628 -0.278087 -0.129769 -0.195764 -0.347863 -1.289362 -0.144044 -0.240013 -1.054717 -0.107216 -0.209642 -1.032477 -0.155970 -0.054086 -0.899643 -0.196381 -0.503291 -0.899501 -0.116803 -0.360056 -1.003204 -0.140242 -0.234421 -0.936048 -0.199139 -0.192020 -0.950545 -0.250269 -0.270579 -0.916822 -0.492696 -0.158352 -0.008070 -0.623500 -0.266088 -0.510379 -0.609106 0.379046 -0.961694 -0.733515 -0.539620 -0.907628 -0.459495 0.170463 -0.745550 -0.456967 -0.390755 -1.035946 -0.379142 -0.212303 -1.431744 -0.390336 -0.193119 -0.140775 0.313660 -0.187540 -0.129769 0.283698 -0.271372 -1.289362 0.260987 -0.184381 -1.054717 0.187363 -0.138322 -1.032477 0.221683 0.021259 -0.899643 0.202581 -0.426030 -0.899501 0.292306 -0.284112 -1.003204 0.261894 -0.145651 -0.936048 0.270916 -0.087523 -0.950545 0.303061 -0.072259 -0.916822 0.557441 0.079942 -0.008070 0.638308 -0.025623 -0.510379 0.664195 0.620450 -0.961694 0.544759 -0.334879 -0.907628 0.624645 0.325376 -0.745550 0.363328 -0.225571 -1.035946 0.495536 -0.055328 -1.431744 0.440879
-1.187051 0.421942 0.352659 0.433664 0.421928 0.072099 0.478517 -0.361896 0.140701 0.543572 0.169885 0.153609 0.373173 0.135621 0.128837 0.446289 -0.234837 0.109406 -1.165661 -0.275543 0.398076 -1.129070 0.240489 0.386915 -1.286780 0.208749 0.408437 -1.216638 -0.310561 0.396105 -0.540861 -0.129321 0.365668 -0.427440 0.547132 0.373895 -0.155320 0.208749 0.266462 0.301220 -0.023350 0.214240 -0.005533 0.180173 0.182221 0.517975 0.209204 0.087602 0.457604 0.212070 0.179457 0.439817 -0.336954 0.134980 -1.233908 0.421942 0.104542 0.377502 0.421928 -0.225288 0.394247 -0.361896 -0.305523 0.450114 0.169885 -0.341268 0.300486 0.135621 -0.256058 0.375652 -0.234837 -0.264630 -1.230555 -0.275543 0.054452 -1.192413 0.240489 0.051499 -1.347111 0.208749 0.088975 -1.277302 -0.310561 0.074878 -0.636967 -0.129321 -0.143234 -0.534358 0.547132 -0.192258 -0.241800 0.208749 -0.191465 0.202342 -0.023350 -0.309338 -0.071607 0.180173 -0.167653 0.450352 0.209204 -0.270471 0.360641 0.212070 -0.333983 0.360299 -0.336954 -0.286083
-0.417679 0.645211 0.018208 -0.606916 0.611508 0.037229 -0.592674 0.648944 -0.014845 -0.606946 0.849132 0.025740 -0.606425 0.843671 -0.003311 -0.589473 0.696931 -0.013743 -0.432150 0.719854 -0.054678 -0.451260 0.861156 -0.035190 -0.320378 0.916011 -0.057210 -0.340828 0.868742 -0.097100 -0.269254 0.963962 -0.391539 -0.218335 1.241603 -0.592974 -0.784594 0.755803 -0.551354 -0.213714 0.036220 -0.534644 -1.068485 0.191258 -0.266721 -0.580200 0.599264 -0.256766 -0.477186 0.403790 -0.292396 -0.331342 0.658699 -0.313222 -0.395553 0.645211 0.135372 -0.578693 0.611508 0.186674 -0.546441 0.648944 0.229968 -0.574531 0.849132 0.197383 -0.563452 0.843671 0.224244 -0.543862 0.696931 0.227775 -0.382446 0.719854 0.208515 -0.407346 0.861156 0.197338 -0.277449 0.916011 0.170110 -0.281942 0.868742 0.214711 -0.107918 0.963962 0.462768 0.012957 1.241603 0.631760 -0.529480 0.755803 0.799518 -0.004013 0.036220 0.575762 -0.897623 0.191258 0.638022 -0.446598 0.599264 0.450678 -0.337685 0.403790 0.446286 -0.194291 0.658699 0.412488
0.599464 1.047017 -0.015931 0.369532 1.066869 0.064783 0.359137 -0.453583 0.143509 0.540744 0.000995 0.194190 0.431794 0.132791 0.243314 0.561102 0.025512 0.023167 0.466708 -0.052886 0.081913 0.613419 0.044396 0.110713 0.490152 0.024296 0.168970 0.578755 -0.197451 0.072625 -0.586051 -0.309636 0.127938 -0.749690 0.475937 0.129604 -1.082864 -0.220844 0.214702 0.249158 -0.700806 -0.111358 -1.554604 -0.559234 0.306231 -0.993303 -0.242366 0.499042 0.701511 -0.137938 0.236873 0.579330 -0.554733 0.032844 0.563987 1.047017 -0.203788 0.320455 1.066869 -0.195088 0.282065 -0.453583 -0.264600 0.432681 0.000995 -0.378023 0.313319 0.132791 -0.384029 0.514008 0.025512 -0.226202 0.404691 -0.052886 -0.246478 0.530795 0.044396 -0.326799 0.394771 0.024296 -0.336089 0.512408 -0.197451 -0.278693 -0.592346 -0.309636 0.094604 -0.745322 0.475937 0.152731 -1.086585 -0.220844 0.195001 0.272609 -0.700806 0.012822 -1.559215 -0.559234 0.281817 -1.106890 -0.242366 -0.102418 0.566810 -0.137938 -0.476396 0.527452 -0.554733 -0.241860
-0.320948 0.053590 0.044440 -0.332269 0.033830 0.075441 -0.458667 0.756834 0.096777 -0.375530 -0.019397 -0.007806 -0.334625 -0.121535 -0.084499 -0.326612 0.484669 -0.075797 -0.425969 0.521770 -0.024105 -0.362095 -0.253679 -0.138385 -0.419433 -0.312701 -0.091823 -0.291619 0.443998 -0.037942 -0.434537 0.381222 0.349874 -0.346036 -2.226199 0.468564 0.909436 -1.503295 0.117138 -0.589124 -1.161733 0.111770 -0.249965 -1.018491 0.080864 -1.292213 -0.773600 0.340432 0.657260 -0.652541 -0.214370 0.173189 0.765772 0.105834 -0.315051 0.053590 0.075669 -0.336898 0.033830 0.050932 -0.462371 0.756834 0.077162 -0.346820 -0.019397 0.144222 -0.280762 -0.121535 0.200716 -0.276474 0.484669 0.189691 -0.387841 0.521770 0.177793 -0.286688 -0.253679 0.260908 -0.357058 -0.312701 0.238464 -0.257697 0.443998 0.141681 -0.532207 0.381222 -0.167304 -0.493086 -2.226199 -0.310095 0.804080 -1.503295 -0.440738 -0.589311 -1.161733 0.110779 -0.262240 -1.018491 0.015866 -1.327368 -0.773600 0.154279 0.690172 -0.652541 -0.040094 0.122664 0.765772 -0.161706
-0.298023 -0.766959 -0.287351 0.389516 -0.718496 -0.357602 0.670013 -0.281011 -0.491326 0.637470 -0.239281 -0.503319 -0.001986 -0.313540 -0.338891 0.014290 -0.313796 -0.280276 0.091779 -0.349973 -0.319451 0.081187 -0.289799 -0.362387 -0.513009 -0.197707 -0.273786 -0.543205 -0.235441 -0.202933 0.431014 -0.427972 -0.263915 0.443823 -0.137889 -0.200013 0.770262 0.668262 0.311965 -0.200649 1.363756 0.326748 -1.379836 1.184899 0.290136 -1.425144 0.638029 0.131738 -0.144254 0.534846 -0.268523 -0.148519 -0.237162 -0.007037 -0.172702 -0.766959 0.376248 0.493104 -0.718496 0.190919 0.803051 -0.281011 0.213136 0.777123 -0.239281 0.236172 0.121743 -0.313540 0.316274 0.115521 -0.313796 0.255761 0.201960 -0.349973 0.263978 0.207756 -0.289799 0.307819 -0.377828 -0.197707 0.442021 -0.431784 -0.235441 0.387060 0.497577 -0.427972 0.088550 0.486199 -0.137889 0.024377 0.603440 0.668262 -0.571390 -0.305993 1.363756 -0.231068 -1.390614 1.184899 0.233067 -1.375034 0.638029 0.397078 -0.036390 0.534846 0.302638 -0.135724 -0.237162 0.060717
0.127884 -0.238520 -0.393941 -0.812678 -0.221633 -0.198055 -0.661514 -0.395080 -0.090641 -0.741402 -0.063039 0.055230 -0.787564 -0.234090 -0.267705 -0.892298 -0.120191 -0.143845 0.175899 -0.238541 -0.398066 0.067013 -0.134156 -0.352781 0.001823 -0.292003 -0.314173 0.026138 -0.473228 -0.238720 -1.116202 -0.444411 0.101109 -1.059519 0.408995 0.461100 -0.230144 0.295771 0.523340 0.622846 1.266126 0.788585 0.260985 0.918805 0.363886 0.230503 0.228637 0.207470 0.791699 0.364712 0.118983 0.622796 -0.403904 -0.480198 0.262745 -0.238520 0.320171 -0.684476 -0.221633 0.480794 -0.582897 -0.395080 0.325649 -0.710482 -0.063039 0.218960 -0.635691 -0.234090 0.536488 -0.778383 -0.120191 0.459355 0.308957 -0.238541 0.306500 0.191056 -0.134156 0.304044 0.116275 -0.292003 0.291870 0.111398 -0.473228 0.212747 -1.076200 -0.444411 0.312928 -1.154707 0.408995 -0.042941 -0.405153 0.295771 -0.403364 0.292355 1.266126 -0.961422 0.110302 0.918805 -0.434004 0.138964 0.228637 -0.277244 0.693780 0.364712 -0.399517 0.755028 -0.403904 0.219995
0.126288 0.231658 0.228321 -0.099389 0.179135 0.209360 0.296083 -0.710127 0.020603 0.146330 0.595020 0.087013 -0.533531 0.453206 0.354716 -0.416839 -0.421786 0.237296 0.458240 -0.502651 0.091306 0.454473 0.891481 0.237428 -0.080355 0.912093 0.349254 -0.277902 -0.421110 0.230255 0.240005 -0.181069 0.152365 0.136251 -2.285484 0.315326 0.069433 0.406648 -0.477611 0.203325 0.717799 -1.139922 -0.181094 0.824104 -0.399931 0.360740 0.604014 -0.438853 1.049428 -0.163741 -0.925565 0.441152 -0.443429 -0.385034 0.034323 0.231658 -0.258653 -0.168896 0.179135 -0.158694 0.268177 -0.710127 -0.127164 0.104518 0.595020 -0.134386 -0.626149 0.453206 -0.135710 -0.474670 -0.421786 -0.068934 0.393381 -0.502651 -0.252135 0.336583 0.891481 -0.386820 -0.202192 0.912093 -0.295895 -0.342735 -0.421110 -0.113047 0.167909 -0.181069 -0.229400 0.011869 -2.285484 -0.343299 0.238834 0.406648 0.419394 0.605045 0.717799 0.987260 -0.022768 0.824104 0.438431 0.495942 0.604014 0.277068 1.314700 -0.163741 0.479097 0.551189 -0.443429 0.197629
0.183604 0.562334 0.020874 -0.214399 0.562149 0.062717 -0.086104 -0.749560 0.150322 0.119573 0.227662 0.283008 -0.115720 0.369760 0.220404 -0.085357 -0.224456 0.033241 0.126628 -0.212255 0.013922 0.285885 0.245765 0.136596 0.084112 0.158032 0.162514 0.141450 -0.283122 0.063538 -0.588948 -0.492284 -0.093441 -0.374638 1.782129 0.101667 1.910565 0.162255 -0.003281 -1.969347 -0.089539 -0.241197 -0.059566 -0.041701 -0.259674 0.221188 -0.083161 -0.167526 0.005774 0.116835 0.050531 0.275101 -0.842520 -0.119760 0.163346 0.562334 -0.086396 -0.222505 0.562149 0.019793 -0.134996 -0.749560 -0.108567 0.008126 0.227662 -0.307124 -0.188131 0.369760 -0.163022 -0.091601 -0.224456 0.000177 0.112829 -0.212255 -0.059144 0.216379 0.245765 -0.231449 0.019051 0.158032 -0.181996 0.108536 -0.283122 -0.110748 -0.514308 -0.492284 0.301792 -0.385913 1.782129 0.041964 1.780175 0.162255 -0.693719 -1.745748 -0.089539 0.942796 0.039238 -0.041701 0.263512 0.267050 -0.083161 0.075322 -0.013052 0.116835 -0.049157 0.299830 -0.842520 0.011184
-0.083629 1.160880 -0.195007 -0.246070 1.154659 -0.259551 -0.164642 -0.274028 -0.239641 0.240680 -0.205798 -0.380139 -0.510015 0.017363 -0.072294 -0.128697 0.397540 -0.128508 -0.076187 0.468059 0.021852 0.308295 0.117525 -0.092083 -0.248276 0.424914 0.188499 0.075498 0.522908 0.076546 0.769006 0.484911 -0.243051 0.848262 0.046650 -0.057397 0.080294 0.353805 1.257060 0.051623 -0.640817 1.086588 -0.543190 -0.943108 0.226549 0.950438 -0.316028 -0.145874 0.439006 -0.814626 -0.892068 -0.316814 -0.796822 -0.535640 -0.006751 1.160880 0.212076 -0.134466 1.154659 0.331416 -0.065907 -0.274028 0.283180 0.362738 -0.205798 0.266183 -0.448523 0.017363 0.253315 -0.072967 0.397540 0.166593 -0.078909 0.468059 0.007437 0.320644 0.117525 -0.026693 -0.299921 0.424914 -0.084971 0.042382 0.522908 -0.098808 0.804682 0.484911 -0.054142 0.810772 0.046650 -0.255913 -0.383680 0.353805 -1.199765 -0.348206 -0.640817 -1.030578 -0.588401 -0.943108 -0.012847 0.938178 -0.316028 -0.210794 0.734103 -0.814626 0.670526 -0.099648 -0.796822 0.614289
-0.017012 0.680172 -0.497163 -0.253993 0.692160 -0.377614 0.011213 -0.129506 -0.132500 0.521129 -0.464014 -0.243795 -0.744804 -0.518826 -0.141170 -0.257580 0.311947 -0.379197 0.057878 0.238214 -0.494130 0.545766 -0.633102 -0.538140 -0.553837 -0.336186 -0.080010 -0.159418 0.157890 -0.124953 0.161205 0.360432 0.668023 0.065148 -0.215561 0.943228 -0.172449 0.075240 0.296331 -0.036736 -0.275073 -0.997623 -0.482489 -0.016609 -0.471243 0.757174 0.201539 -0.269297 -0.255167 0.913345 1.174087 -0.316868 0.330668 1.020613 0.165473 0.680172 0.469126 -0.098786 0.692160 0.444237 0.058763 -0.129506 0.119285 0.574148 -0.464014 0.036951 -0.642023 -0.518826 0.403074 -0.101548 0.311947 0.447019 0.234099 0.238214 0.438990 0.704435 -0.633102 0.302039 -0.486513 -0.336186 0.276481 -0.102868 0.157890 0.174486 -0.093523 0.360432 -0.680805 -0.283330 -0.215561 -0.902025 -0.268643 0.075240 -0.213031 0.329622 -0.275073 0.942311 -0.277398 -0.016609 0.614749 0.803237 0.201539 -0.025388 -0.665777 0.913345 -1.000166 -0.667257 0.330668 -0.834760
-0.016990 0.552387 -0.241120 -0.069414 0.568328 -0.174254 -0.202692 -0.110493 -0.116358 -0.460527 1.231527 0.195545 0.383713 1.042267 -0.255001 0.243027 0.113145 -0.228063 -0.231804 -0.099565 -0.095269 -0.404890 1.079930 0.147256 0.259329 0.699839 -0.034293 0.229373 -0.915904 -0.268039 0.129335 -2.405704 -0.473674 -0.184649 -1.800125 -0.105506 0.252111 -0.399495 0.437705 0.162939 -0.288803 0.358419 -0.480007 -0.170852 0.107339 0.349292 0.064746 -0.365232 -0.915403 1.155569 0.766437 -0.216117 0.103880 -0.078255 0.072116 0.552387 0.230709 -0.001083 0.568328 0.187567 -0.146297 -0.110493 0.182264 -0.500124 1.231527 -0.014125 0.450283 1.042267 0.097500 0.309463 0.113145 0.123724 -0.181095 -0.099565 0.173245 -0.430707 1.079930 0.010547 0.253975 0.699839 -0.062645 0.311328 -0.915904 0.165927 0.293174 -2.405704 0.393883 -0.133454 -1.800125 0.165581 0.075119 -0.399495 -0.499502 0.021003 -0.288803 -0.393157 -0.486093 -0.170852 0.075110 0.458434 0.064746 0.212693 -1.131872 1.155569 -0.379807 -0.172693 0.103880 0.151682
-0.047390 0.141024 -0.432835 -0.174331 -0.018721 -0.453560 0.089395 -0.485465 -0.295954 -0.023651 0.716924 -0.140071 -0.074953 0.638691 -0.321275 -0.344530 -0.958679 -0.284727 0.185371 -0.751004 -0.286427 -0.062213 1.321308 -0.046036 -0.140663 0.962569 -0.049837 -0.298310 -0.632355 -0.017477 0.463380 -0.041083 0.620605 0.882475 1.089095 0.872112 -0.404653 -0.298893 -0.090580 0.156557 -0.746766 -0.084146 1.025618 -0.916082 -0.372754 -1.226721 -0.323686 0.562964 -0.281256 -0.044247 0.201948 0.229056 -0.784820 -0.542665 0.113727 0.141024 0.420307 0.003087 -0.018721 0.485899 0.191171 -0.485465 0.242969 0.029062 0.716924 0.139049 0.047376 0.638691 0.326483 -0.216963 -0.958679 0.390765 0.277062 -0.751004 0.199096 -0.041139 1.321308 0.065555 -0.112800 0.962569 0.097704 -0.271390 -0.632355 0.125065 0.205134 -0.041083 -0.746855 0.503641 1.089095 -1.133881 -0.343749 -0.298893 0.231916 0.176462 -0.746766 0.021255 1.090922 -0.916082 -0.026957 -1.347543 -0.323686 -0.076812 -0.335534 -0.044247 -0.085467 0.411188 -0.784820 0.421755
-0.136011 -0.897211 -0.035156 0.021005 -0.958061 -0.075191 -0.382173 -0.362700 -0.079383 -0.896352 0.142119 0.326718 0.807568 -0.027637 -0.314588 0.442213 0.034598 -0.417537 -0.634601 -0.032288 -0.200111 -0.954233 0.082159 0.172527 1.011790 0.140399 -0.190335 0.504969 0.372228 -0.184574 0.540066 1.026795 0.607091 0.474777 0.201191 0.623059 0.179544 0.300173 0.397468 -0.159823 0.488643 -0.564275 -1.183268 0.244827 -0.188875 0.612024 -0.283911 0.125960 0.463509 -0.564566 0.289460 0.592859 -0.187547 -0.399448 -0.113822 -0.897211 0.082338 0.046980 -0.958061 0.062352 -0.326901 -0.362700 0.213292 -0.953770 0.142119 0.022680 0.866677 -0.027637 -0.001595 0.564030 0.034598 0.227507 -0.517915 -0.032288 0.417764 -0.951432 0.082159 0.187360 1.011519 0.140399 -0.191769 0.537504 0.372228 -0.012298 0.281467 1.026795 -0.762238 0.214851 0.201191 -0.753295 0.022224 0.300173 -0.435572 0.056973 0.488643 0.583698 -1.032891 0.244827 0.607398 0.523935 -0.283911 -0.340487 0.326021 -0.564566 -0.438563 0.697704 -0.187547 0.155724
0.157823 -0.177521 0.563167 0.038803 -0.154775 0.274148 0.024145 -0.038417 -0.262993 -0.059398 -0.688704 -0.639207 0.215486 -0.093805 0.076996 0.074434 0.102750 -0.106383 0.075012 0.076165 0.251061 0.103522 0.030147 0.523142 0.140615 -0.155316 0.471790 0.157939 0.020933 0.442019 -0.627540 0.111453 0.667740 -0.454728 0.054351 0.520277 -0.064120 0.095988 0.877751 0.319302 0.757623 0.368946 -0.034151 -0.299412 -1.459358 -0.620390 -0.419368 -1.352946 -0.862451 0.189907 -0.313680 -0.085513 0.408355 -0.355284 -0.058431 -0.177521 -0.581937 -0.063850 -0.154775 -0.269418 0.118394 -0.038417 0.236075 0.177809 -0.688704 0.616845 0.172565 -0.093805 -0.150280 0.108105 0.102750 0.071910 -0.021715 0.076165 -0.261126 -0.094396 0.030147 -0.524865 -0.041129 -0.155316 -0.490578 -0.014140 0.020933 -0.469175 -0.827841 0.111453 -0.392890 -0.613152 0.054351 -0.318607 -0.379815 0.095988 -0.793913 0.162758 0.757623 -0.459983 0.500422 -0.299412 1.371303 -0.084249 -0.419368 1.486018 -0.688654 0.189907 0.606608 0.049947 0.408355 0.362001
0.009748 0.414199 0.297306 -0.090584 0.378058 0.049788 -0.418306 1.159934 0.083725 0.000647 -0.811562 -0.356289 -0.004877 -0.463047 -0.194523 0.174709 1.152725 0.067319 -0.309011 1.081765 0.365162 -0.176967 -0.824915 0.089445 -0.119848 -0.842861 0.266111 0.318997 0.016026 0.248633 0.308522 -2.029878 -0.130507 0.508605 0.441339 0.385461 -0.173605 -0.113366 0.479774 -0.057710 -0.143413 -1.089689 0.442471 0.800178 0.090205 -0.306238 0.841268 0.647055 0.010577 0.860622 -0.329927 0.375940 -0.342158 -1.035357 -0.099350 0.414199 -0.280384 -0.102503 0.378058 -0.013323 -0.420030 1.159934 0.074596 0.130539 -0.811562 0.331514 0.066400 -0.463047 0.182904 0.138126 1.152725 -0.126398 -0.420902 1.081765 -0.227317 -0.197399 -0.824915 -0.018746 -0.208643 -0.842861 -0.204075 0.206352 0.016026 -0.347846 0.334868 -2.029878 0.009002 0.333000 0.441339 -0.544399 -0.336620 -0.113366 -0.383418 0.343669 -0.143413 1.035685 0.379100 0.800178 -0.245359 -0.521124 0.841268 -0.490807 0.130171 0.860622 0.303346 0.727638 -0.342158 0.826945
-0.212239 1.069279 -0.496276 -0.044186 1.188048 -0.435853 -0.250271 -0.743567 0.138280 -0.010966 -0.252477 0.216311 0.052327 -0.600253 -0.259901 0.471307 0.135919 0.139762 -0.458900 -0.028021 0.280167 -0.132875 -0.593278 -0.036505 0.401553 -0.010694 0.245774 0.428291 0.669684 0.281154 0.266528 1.687215 0.590492 -0.357796 -1.176786 -0.194200 0.185406 -0.018999 -0.586526 -0.083719 0.521016 0.262917 0.532730 0.808234 0.599400 -0.612236 0.491288 -0.456416 -0.681154 0.921905 0.229179 0.092144 -1.822636 -0.456588 -0.016632 1.069279 0.539498 0.117811 1.188048 0.421949 -0.283465 -0.743567 -0.037483 -0.089098 -0.252477 -0.197414 0.143508 -0.600253 0.222917 0.387877 0.135919 -0.302020 -0.529470 -0.028021 -0.093512 -0.110410 -0.593278 0.082450 0.284264 -0.010694 -0.375292 0.296258 0.669684 -0.417986 0.032822 1.687215 -0.647024 -0.262330 -1.176786 0.311311 0.386540 -0.018999 0.478513 -0.173838 0.521016 -0.214277 0.277441 0.808234 -0.752402 -0.403617 0.491288 0.648260 -0.717822 0.921905 0.035019 0.252314 -1.822636 0.391537
0.006151 0.789228 -0.231749 -0.123669 0.912243 -0.043079 -0.306926 0.578822 0.563269 -0.286118 0.301708 0.379221 0.058743 0.136211 -0.051726 0.210182 0.133928 -0.029671 -0.337884 -0.091402 -0.120671 -0.184057 -0.579967 -0.341095 -0.068648 -0.708150 -0.212788 0.281555 -0.875511 0.019291 0.895361 -1.340321 0.491244 0.561777 0.906007 0.168099 -0.122619 0.205471 -0.803410 -0.031635 0.707973 0.637354 0.007137 0.241051 -0.142986 -0.459584 -0.473093 -1.274511 0.889354 -0.337501 -0.426114 0.447081 0.773394 0.745431 0.090246 0.789228 0.213545 -0.099441 0.912243 0.085213 -0.491209 0.578822 -0.412540 -0.404713 0.301708 -0.248757 0.073561 0.136211 0.026740 0.206527 0.133928 -0.049025 -0.270604 -0.091402 0.235585 -0.046984 -0.579967 0.384728 0.013683 -0.708150 0.223168 0.255128 -0.875511 -0.120644 0.654540 -1.340321 -0.783944 0.461780 0.906007 -0.361399 0.178826 0.205471 0.792796 -0.261896 0.707973 -0.581921 0.058792 0.241051 0.130535 0.036877 -0.473093 1.354339 0.983503 -0.337501 0.072423 0.144434 0.773394 -0.857139
0.069516 -0.700464 0.291106 0.005442 -0.748778 -0.080995 0.288102 0.441773 -0.345694 0.044862 -0.027381 -0.813159 -0.194618 0.275521 -0.151613 -0.344534 0.212020 0.028323 0.492959 0.084832 0.196335 0.160141 0.203153 0.093625 -0.117961 -0.099678 0.207397 -0.131430 -0.135173 0.365392 -0.051741 -0.007935 0.540838 0.132751 0.599300 0.452263 -0.003216 -1.418754 -1.015537 -0.107142 -1.189499 0.312083 -0.822973 0.412336 1.299840 0.716321 -0.722691 -0.835149 -0.287682 0.899672 0.007588 0.470345 0.117369 -0.658273 -0.041437 -0.700464 -0.296409 0.034606 -0.748778 0.073432 0.394333 0.441773 0.216816 0.338327 -0.027381 0.740793 -0.125921 0.275521 0.212147 -0.331134 0.212020 0.099277 0.387405 0.084832 -0.362593 0.114967 0.203153 -0.145580 -0.185473 -0.099678 -0.150093 -0.255635 -0.135173 -0.292294 -0.245419 -0.007935 -0.484719 -0.041330 0.599300 -0.469528 0.367367 -1.418754 0.946767 -0.213578 -1.189499 -0.251514 -1.240337 0.412336 -0.910181 0.971561 -0.722691 0.516391 -0.270636 0.899672 0.097851 0.678020 0.117369 0.441403
0.170612 0.342870 0.263509 0.100635 0.414342 0.274122 0.362520 0.462720 -0.017435 -0.039944 0.923427 1.319719 -0.150208 -0.713952 -0.307999 -0.158369 -0.591486 -0.018319 0.232574 -1.004619 -0.292383 0.235159 -0.897524 0.026891 -0.309778 -1.119385 -0.231334 -0.174185 -0.643881 0.032197 -0.327885 1.058735 0.031045 0.834540 -0.285597 -0.501101 0.013213 0.250045 0.431523 0.003265 -0.880275 0.138951 -0.163490 -0.128525 -0.290368 0.146407 0.316732 -0.048062 -0.491586 1.157261 -0.060746 1.113121 1.222490 -0.839005 0.062761 0.342870 -0.307582 -0.006267 0.414342 -0.291944 0.343910 0.462720 -0.115975 -0.518488 0.923427 -1.214259 -0.027537 -0.713952 0.341567 -0.140781 -0.591486 0.074814 0.323186 -1.004619 0.187427 0.209155 -0.897524 -0.110800 -0.204076 -1.119385 0.328376 -0.173931 -0.643881 0.033545 -0.316624 1.058735 0.090671 0.959812 -0.285597 0.162236 -0.145071 0.250045 -0.406621 -0.047635 -0.880275 -0.130571 -0.046334 -0.128525 0.329994 0.153852 0.316732 -0.008642 -0.435575 1.157261 0.235841 1.342438 1.222490 0.375270
0.051035 0.444368 0.628810 -0.055632 0.432281 0.855316 -0.013021 -0.432359 -0.086148 0.115750 -0.750641 -0.529965 -0.089879 0.201753 0.601522 -0.020227 0.341590 -0.039959 -0.201891 0.078497 -0.358613 -0.132639 -0.108282 -0.336660 0.005556 0.235825 -0.254157 -0.040789 0.715623 -0.232771 -0.103282 0.124187 -0.699897 0.954201 -0.262417 0.043732 -0.008372 -1.373078 -0.859229 -0.003129 1.013748 0.836423 -0.180206 -0.187362 -1.007959 0.136173 0.335958 0.394192 0.259272 0.590896 0.908612 0.696969 -0.713938 -0.296461 -0.181804 0.444368 -0.604115 -0.363730 0.432281 -0.776119 0.019294 -0.432359 0.084964 0.301054 -0.750641 0.451252 -0.303062 0.201753 -0.527315 -0.004261 0.341590 0.044584 -0.057202 0.078497 0.407543 -0.000726 -0.108282 0.361846 0.097863 0.235825 0.234626 0.046911 0.715623 0.231615 0.159081 0.124187 0.689359 0.872533 -0.262417 -0.388712 0.305561 -1.373078 0.803105 -0.307953 1.013748 -0.777675 0.199804 -0.187362 1.004258 -0.016966 0.335958 -0.416704 -0.089952 0.590896 -0.940588 0.757085 -0.713938 0.021862
0.037580 0.543499 0.695102 0.023979 0.578645 0.581924 -0.082631 0.307887 -0.226000 -0.336149 -0.279759 -1.093959 -0.099556 0.206801 -0.033136 -0.235090 -1.002507 -0.334866 0.010870 -0.835701 -0.216820 -0.129339 -0.087818 -0.105925 -0.052328 -0.112100 0.046714 0.042860 -0.581567 -0.065407 1.358420 0.043621 0.977340 -1.141734 0.038225 -1.175985 0.200453 0.472759 0.134622 -0.171949 -0.351011 -0.026276 0.085889 -0.035423 -0.068909 0.066895 0.263121 0.485289 0.352010 0.098320 0.477853 0.125353 0.576384 -0.306081 -0.218509 0.543499 -0.660934 -0.189897 0.578645 -0.550591 0.005481 0.307887 0.240569 0.085964 -0.279759 1.141206 -0.080615 0.206801 0.067161 -0.096774 -1.002507 0.397539 0.089194 -0.835701 0.197923 -0.081801 -0.087818 0.145800 -0.065761 -0.112100 -0.024413 0.063762 -0.581567 0.045271 0.908430 0.043621 -1.405436 -0.634223 0.038225 1.511377 0.137551 0.472759 -0.198455 -0.150523 -0.351011 0.087175 0.105104 -0.035423 0.032840 -0.114695 0.263121 -0.476262 0.153495 0.098320 -0.573318 0.228345 0.576384 0.239284
0.092139 0.528788 -0.178889 -0.153749 0.649214 -0.156805 -0.340524 -0.478753 -0.380421 -0.257490 -0.362508 -0.725179 0.400405 0.926904 1.221076 0.246082 -0.585819 -0.204067 -0.467150 -0.779231 -0.278881 -0.164105 -0.761506 -0.136935 0.339117 -0.346609 0.254531 0.324896 -1.088967 -0.288946 -0.709777 0.503746 0.131377 0.393433 -0.252826 0.697975 0.092402 0.478924 -0.312122 -0.025140 -0.348465 0.142298 -0.057296 0.277107 0.411874 0.159637 1.112395 0.633864 -0.628666 0.139417 -0.968483 -0.167390 1.296209 0.314339 0.151033 0.528788 0.132966 -0.085973 0.649214 0.202077 -0.178334 -0.478753 0.478407 0.024714 -0.362508 0.769139 -0.072493 0.926904 -1.283002 0.303556 -0.585819 0.100267 -0.333269 -0.779231 0.430041 -0.102863 -0.761506 0.187352 0.222935 -0.346609 -0.360675 0.407897 -1.088967 0.150557 -0.708805 0.503746 0.136524 0.111788 -0.252826 -0.793387 0.199868 0.478924 0.256926 -0.075304 -0.348465 -0.123329 -0.203559 0.277107 -0.362611 -0.082525 1.112395 -0.648427 -0.232167 0.139417 1.131052 -0.270499 1.296209 -0.231643
-0.005360 0.766483 -0.372870 0.037169 0.653046 -0.559094 0.321944 0.159035 0.046141 -0.227884 -0.025583 -0.194823 -0.077921 -1.138447 -1.123303 -0.127809 -0.059150 0.179232 0.361363 0.337004 0.523432 0.039494 0.411604 0.671455 0.173083 -0.122125 0.078170 -0.245682 -0.000249 0.365475 -0.110232 -0.547587 0.397969 -0.133321 -0.153837 0.110498 0.168243 -0.240745 -0.864837 -0.106192 0.947211 0.492044 -0.502570 0.060145 -0.662886 0.587331 0.262040 1.182911 -0.776763 -1.240820 -0.289302 0.370759 0.889184 0.171609 0.130993 0.766483 0.349145 0.238508 0.653046 0.507032 0.282943 0.159035 -0.160374 -0.141138 -0.025583 0.264513 0.337108 -1.138447 1.074355 -0.184372 -0.059150 -0.120277 0.145582 0.337004 -0.619169 -0.208103 0.411604 -0.639613 0.132654 -0.122125 -0.135909 -0.362048 -0.000249 -0.250705 -0.247778 -0.547587 -0.330358 -0.164437 -0.153837 -0.054267 0.472058 -0.240745 0.743915 -0.278324 0.947211 -0.419428 -0.226205 0.060145 0.800516 0.115478 0.262040 -1.315638 -0.617758 -1.240820 0.552659 0.282639 0.889184 -0.295004
-0.397351 -0.663896 -1.291436 -0.118380 -0.436874 -1.284345 -0.151873 0.780981 0.034764 0.055091 -0.131475 0.040178 0.077583 0.790281 1.442611 -0.117769 0.048904 0.463197 -0.015752 -0.320934 0.222901 0.401795 -0.344953 0.691480 -0.251004 -0.567595 0.268409 -0.035891 0.270331 0.237537 0.531163 -0.009471 -0.003622 -0.236428 0.051059 -0.557295 0.001169 -0.662972 0.082507 0.007749 0.072617 0.140166 -0.176615 0.046999 -0.719949 0.095063 -0.150076 0.110976 0.325808 0.275059 0.441985 0.407412 0.317642 -0.529652 0.100996 -0.663896 1.347403 0.358168 -0.436874 1.239061 -0.154091 0.780981 0.023018 0.036644 -0.131475 -0.057502 -0.453874 0.790281 -1.371548 -0.278584 0.048904 -0.388345 -0.095959 -0.320934 -0.201805 0.121943 -0.344953 -0.790388 -0.331604 -0.567595 -0.158383 -0.120048 0.270331 -0.208088 0.495901 -0.009471 -0.190340 -0.016902 0.051059 0.605137 -0.029002 -0.662972 -0.077250 -0.043903 0.072617 -0.133338 0.098111 0.046999 0.734775 0.048044 -0.150076 -0.138002 0.142179 0.275059 -0.530364 0.572514 0.317642 0.344591
0.003158 0.718176 -0.356556 -0.021323 0.618754 -0.070187 0.301236 0.280172 0.502835 -0.469009 -0.692735 -1.032968 0.143388 -0.092227 0.259646 -0.111511 -0.331223 0.791813 0.448441 -0.288533 0.343364 -0.425903 0.535528 -0.202817 0.031873 0.082059 -0.718416 -0.248134 0.049381 0.177946 -0.641413 0.144473 -0.270116 0.786922 -0.429863 -0.285720 0.056804 1.199425 0.513217 -0.085500 0.380084 -0.556291 0.151146 0.060224 0.649343 -0.178615 -0.944750 -0.489367 -0.322564 -1.231990 0.813806 0.921283 0.443856 -0.092793 0.132975 0.718176 0.330847 0.005743 0.618754 0.073129 0.097107 0.280172 -0.578062 -0.059989 -0.692735 1.132869 0.038820 -0.092227 -0.294057 -0.392601 -0.331223 -0.696611 0.292332 -0.288533 -0.483260 -0.322603 0.535528 0.344174 0.291680 0.082059 0.657312 -0.295941 0.049381 -0.075197 -0.498727 0.144473 0.485433 0.836925 -0.429863 -0.020945 -0.134276 1.199425 -0.498587 0.123265 0.380084 0.549159 -0.096077 0.060224 -0.659743 0.012157 -0.944750 0.520802 -0.597139 -1.231990 -0.640119 0.891672 0.443856 -0.249585
-0.249611 0.705498 0.102178 0.083128 0.753983 -0.246714 -0.153869 0.421352 -0.463394 -0.055750 -0.499515 0.064428 -0.103764 -1.042936 -0.208029 -0.215035 -1.398468 -0.881422 -0.179288 -0.851599 -0.231342 0.034389 0.059477 0.978414 0.497659 0.536566 1.043625 -0.033347 0.580813 -0.034519 -0.230615 0.052424 -0.758586 0.477332 0.372327 -0.147412 -0.045690 -1.256086 0.191160 -0.028756 0.762814 -0.340840 0.223921 0.713846 0.527394 -0.242345 -0.569736 -0.320066 0.649557 -0.035523 0.386909 -0.416798 1.173003 0.087316 -0.269683 0.705498 -0.004109 0.167378 0.753983 0.199406 0.025726 0.421352 0.487594 -0.075407 -0.499515 -0.039659 -0.020750 -1.042936 0.231544 0.121225 -1.398468 0.899138 -0.082571 -0.851599 0.280794 -0.324802 0.059477 -0.923569 0.082778 0.536566 -1.153241 -0.018462 0.580813 0.044303 0.061921 0.052424 0.790445 0.498217 0.372327 -0.036821 -0.112258 -1.256086 -0.161331 0.097528 0.762814 0.327853 0.016161 0.713846 -0.572734 -0.108927 -0.569736 0.386404 0.463716 -0.035523 -0.597151 -0.419936 1.173003 0.070702
-0.114489 0.349766 -0.067360 0.174891 0.480211 0.118303 0.367727 -0.064902 0.145704 -0.263987 0.506469 0.124041 0.130923 0.682006 0.257620 -0.280196 -0.109199 0.074332 0.261060 -0.352994 -0.349529 -0.317313 0.014988 -0.623595 -0.061249 0.005489 -0.447519 0.075130 0.574592 0.321534 -0.010581 -0.032750 0.532093 -0.010424 0.514894 -0.567624 -0.170493 -2.903861 0.843620 0.128897 1.192322 -0.560389 0.007709 0.728294 0.084036 0.249388 -0.626411 0.233100 -0.644061 0.084448 -0.935069 0.163780 -0.543278 0.596087 -0.082038 0.349766 0.104474 0.119701 0.480211 -0.173937 0.289263 -0.064902 -0.269777 -0.291043 0.506469 -0.019223 0.027953 0.682006 -0.287624 -0.288007 -0.109199 0.032974 0.370551 -0.352994 0.230248 -0.068037 0.014988 0.696368 0.106178 0.005489 0.439035 -0.047306 0.574592 -0.326789 -0.203904 -0.032750 -0.491587 0.197304 0.514894 0.532331 -0.466415 -2.903861 -0.723339 0.324391 1.192322 0.474785 -0.023469 0.728294 -0.081060 0.147201 -0.626411 -0.307996 -0.258687 0.084448 1.105553 -0.064891 -0.543278 -0.614763
-0.295128 -0.460714 -0.250007 -0.097993 -0.449893 -0.241449 0.281066 -0.007700 0.279284 -0.050238 0.028107 -0.172265 -0.129900 -0.228437 -0.329717 -0.267373 -0.155458 0.388026 0.187264 -0.286478 0.226382 -0.547071 -1.121113 -1.534305 0.855645 1.526190 1.582849 -0.078836 0.154264 0.514355 -0.188454 -0.400107 -0.153195 0.114493 0.036120 -0.343838 0.009869 0.295892 0.099449 -0.018732 -0.628395 0.128752 -0.060935 -0.435622 -0.405191 -0.003162 0.117923 0.077139 0.165892 0.673865 -0.065667 0.502546 0.299241 0.309177 -0.183625 -0.460714 0.340420 -0.003189 -0.449893 0.260558 0.159855 -0.007700 -0.362553 0.016046 0.028107 0.178722 -0.000707 -0.228437 0.354382 -0.390469 -0.155458 -0.263792 0.091806 -0.286478 -0.279085 0.050161 -1.121113 1.628147 0.219456 1.526190 -1.785883 -0.260989 0.154264 -0.450178 -0.119605 -0.400107 0.211373 0.232003 0.036120 0.278402 -0.027079 0.295892 -0.096198 -0.064397 -0.628395 -0.113053 0.091033 -0.435622 0.399507 -0.031077 0.117923 -0.070673 0.178415 0.673865 0.000644 0.355179 0.299241 -0.471159
-0.022020 0.205336 -0.094408 0.275234 0.443302 0.432194 0.274758 1.346542 -0.004048 0.318170 0.200032 0.653183 0.121493 0.110102 0.592525 -0.132160 -0.415166 -0.171534 0.153899 -0.385645 -0.652489 0.005715 -0.864583 -0.724425 -0.080699 0.251859 0.388880 -0.379125 1.019187 -0.108223 0.463722 -0.613698 -0.130453 -0.807594 -0.143996 0.945761 0.033939 0.603879 -0.327932 0.007672 1.002521 -0.009265 -0.115733 -0.309373 0.322718 0.171517 -0.890983 0.028798 -0.858967 -1.554446 0.177335 -0.215704 0.076200 -1.057452 0.013927 0.205336 0.095936 0.098659 0.443302 -0.502804 0.257311 1.346542 -0.096433 0.058044 0.200032 -0.724232 -0.102966 0.110102 -0.596024 -0.060500 -0.415166 0.207918 0.381259 -0.385645 0.551424 0.269516 -0.864583 0.672447 -0.216964 0.251859 -0.332666 -0.313545 1.019187 0.239034 0.479359 -0.613698 -0.047649 -1.096887 -0.143996 -0.586098 0.151197 0.603879 0.292969 0.010523 1.002521 0.005829 -0.225456 -0.309373 -0.258285 0.149202 -0.890983 -0.089366 -0.864481 -1.554446 0.148140 0.184800 0.076200 1.063288
0.244870 -0.534895 -0.159712 -0.188750 -0.519800 0.099577 -0.482122 0.846601 0.807016 0.672628 -0.892810 0.081357 -0.048440 0.097858 0.156873 0.015722 0.288377 -1.083044 -0.454212 0.602919 -0.943702 0.424962 0.770472 0.348942 -0.205041 0.703173 0.602948 -0.004515 -0.045754 -0.158668 -0.681968 -0.487428 0.900071 0.566621 -0.471103 -0.950115 -0.029922 0.698929 -0.110005 0.015859 0.208856 0.053809 -0.007541 -0.225096 0.276178 0.121086 -0.314813 0.136046 -0.539667 -0.306515 -0.165566 0.848791 -0.724561 0.269023 0.286251 -0.534895 0.059409 -0.212066 -0.519800 -0.023882 -0.743232 0.846601 -0.575607 0.596631 -0.892810 -0.321057 -0.102315 0.097858 -0.128403 0.409620 0.288377 1.002718 -0.078766 0.602919 1.044355 0.268437 0.770472 -0.479891 -0.410811 0.703173 -0.486644 0.053661 -0.045754 0.149387 -0.963250 -0.487428 -0.589370 0.874099 -0.471103 0.678034 0.012257 0.698929 0.113341 -0.004857 0.208856 -0.055887 -0.107743 -0.225096 -0.254407 0.063131 -0.314813 -0.170836 -0.442117 -0.306515 0.350977 0.692221 -0.724561 -0.560045
-0.075164 -0.312879 -0.177472 0.177356 -0.357460 0.052466 -0.351694 0.839071 1.548064 0.157644 -0.187120 -0.469264 -0.345969 -0.466744 -0.163612 0.429303 -1.763593 -0.452846 -0.249477 -1.151879 0.205343 0.081096 0.749575 -0.071601 -0.404549 0.340296 -0.615373 0.869940 0.937932 0.524030 0.304118 0.209176 -0.774872 -0.494609 -0.003278 0.673800 0.021804 -0.074800 0.043736 0.020654 -0.420200 0.110590 -0.220512 -0.163578 -0.163790 0.137648 0.499430 0.023502 -0.138529 0.931853 -0.447048 0.212884 0.041083 0.059110 -0.005264 -0.312879 0.192661 0.146007 -0.357460 -0.113534 -0.892044 0.839071 -1.313183 0.317925 -0.187120 0.379453 -0.262472 -0.466744 0.278517 0.564886 -1.763593 0.265092 -0.307183 -1.151879 -0.100217 0.101624 0.749575 0.037094 -0.152263 0.340296 0.720527 0.618913 0.937932 -0.805201 0.565765 0.209176 0.610594 -0.706276 -0.003278 -0.447012 0.004352 -0.074800 -0.048675 -0.021100 -0.420200 -0.110506 -0.145591 -0.163578 0.232929 0.119597 0.499430 -0.072083 0.034048 0.931853 0.466780 0.176665 0.041083 -0.132677
0.329346 -0.172665 0.024325 -0.293199 -0.348970 0.003866 -0.779719 0.128574 0.076666 0.741645 0.225060 0.057585 -0.478496 -0.105573 -0.211610 1.183962 -0.169728 0.451233 -0.499981 -0.120390 0.702030 0.417374 0.446508 -0.861146 -0.628283 0.914333 0.221072 0.492031 -1.731369 -0.285019 -0.260540 0.630308 0.284302 0.210163 0.180337 -0.240045 0.027171 -1.177916 0.125216 -0.029793 1.079781 -0.146817 -0.166284 0.264294 0.043424 0.083616 -0.036995 0.043471 -0.013453 -0.938024 0.405462 -0.438642 1.035050 -0.723195 0.297792 -0.172665 -0.142761 -0.274416 -0.348970 0.103329 -0.753977 0.128574 0.212974 0.669565 0.225060 -0.324093 -0.368368 -0.105573 0.371541 0.937857 -0.169728 -0.851941 -0.721573 -0.120390 -0.471339 0.702684 0.446508 0.649622 -0.665635 0.914333 0.023286 0.562088 -1.731369 0.085948 -0.346280 0.630308 -0.169704 0.283231 0.180337 0.146867 -0.020366 -1.177916 -0.126501 0.025803 1.079781 0.147571 -0.170668 0.264294 0.020210 0.062003 -0.036995 -0.070971 -0.160397 -0.938024 -0.372631 -0.144686 1.035050 0.833357
0.202515 0.152422 0.099985 0.107948 0.297336 -0.288999 0.107753 1.665607 0.515144 -0.350831 0.474807 -0.141885 0.635065 0.665752 -0.235103 -0.115213 -0.455417 -0.369710 0.548070 -0.245303 -0.252890 -0.238447 -0.329701 -0.258577 -0.061439 -0.674228 -0.038223 -0.147429 -0.576135 0.934800 -0.975258 0.252634 0.401759 0.608669 -0.276581 -0.199575 0.066092 0.034094 -0.171840 -0.046023 -0.238292 0.172841 -0.245142 0.580003 -0.387003 0.175553 0.726552 0.035590 0.673865 -0.440777 0.409138 -1.598945 -1.277765 -0.318081 0.152103 0.152422 -0.166955 0.205910 0.297336 0.229727 -0.087539 1.665607 -0.518961 -0.274923 0.474807 0.260059 0.677067 0.665752 -0.012695 0.027554 -0.455417 0.386265 0.602550 -0.245303 0.035594 -0.127722 -0.329701 0.327729 -0.043268 -0.674228 0.057997 -0.478193 -0.576135 -0.816651 -1.054609 0.252634 -0.018417 0.639532 -0.276581 -0.036149 0.124209 0.034094 0.135902 -0.105888 -0.238292 -0.144152 -0.087120 0.580003 0.449751 0.150483 0.726552 -0.097162 0.478243 -0.440777 -0.626714 -1.372818 -1.277765 0.879302
0.392596 0.328158 -0.372708 0.051937 0.224214 0.152288 0.179380 1.008814 0.986618 -0.193274 -1.106231 0.012765 0.472166 -0.625978 0.070248 -0.240545 0.015643 0.146568 0.455714 0.769434 0.050228 -0.322459 0.356948 0.164185 0.468282 0.374425 0.244626 -1.210185 -1.924384 -1.293297 0.496947 1.125016 -0.320470 -0.369584 0.210598 0.328383 0.038829 -0.774055 0.213012 -0.026428 0.018636 0.024494 -0.129289 0.024402 -0.127721 0.075686 0.176128 -0.149129 -0.027575 0.780931 -0.295952 -0.116257 -0.499451 -0.072068 0.501481 0.328158 0.203861 -0.007179 0.224214 -0.160740 -0.192789 1.008814 -0.984085 -0.184618 -1.106231 0.058601 0.414027 -0.625978 -0.237607 -0.277431 0.015643 -0.048748 0.406010 0.769434 -0.212965 -0.360128 0.356948 -0.035278 0.346816 0.374425 -0.398558 -0.655176 -1.924384 1.645573 0.579594 1.125016 0.117164 -0.463890 0.210598 -0.170981 -0.041530 -0.774055 -0.212502 -0.033541 0.018636 -0.013169 -0.073805 0.024402 0.166076 0.124860 0.176128 0.111256 0.082256 0.780931 0.285625 -0.081967 -0.499451 0.109503
-0.316066 -0.015109 -0.171290 0.032726 0.039746 0.287262 -0.012167 0.381272 0.174168 0.229495 -0.377297 -0.266432 -0.014404 -0.395592 -0.549647 0.160877 1.246694 1.707825 -0.525284 -1.795888 -1.678608 0.253611 0.310369 0.523111 0.379781 0.514724 -0.040184 0.103698 0.041595 0.024745 -0.114411 -0.170987 0.141013 -0.053793 0.155693 0.101476 0.028270 -0.122282 0.030579 -0.016639 -0.525098 0.058087 -0.051005 0.406513 -0.091509 0.013221 -0.050291 0.031265 0.140821 0.086283 -0.140918 -0.445244 0.145682 -0.107014 -0.231829 -0.015109 0.274760 -0.074291 0.039746 -0.279413 -0.074848 0.381272 -0.157735 0.310856 -0.377297 0.164386 0.187041 -0.395592 0.517044 -0.473039 1.246694 -1.648873 0.123075 -1.795888 1.754566 0.045368 0.310369 -0.579574 0.368279 0.514724 -0.101088 0.087532 0.041595 -0.060859 -0.157958 -0.170987 -0.089576 -0.087096 0.155693 -0.074869 0.015171 -0.122282 -0.038783 -0.036677 -0.525098 -0.048018 -0.014119 0.406513 0.103808 0.000908 -0.050291 -0.033933 0.182514 0.086283 0.079856 -0.375551 0.145682 0.262022
-0.221580 -0.006157 0.205000 -0.008251 -0.045228 -0.092362 -0.095165 0.877516 -0.156703 -0.423355 0.843124 -0.440081 -0.015848 0.421160 -0.333612 0.322637 0.075816 0.258575 -0.067856 -0.490585 0.099643 0.415294 -0.594166 0.245800 -0.204713 -0.573703 0.306710 0.036115 -0.521095 -0.062535 -0.150768 0.443159 -0.150326 0.122220 -0.162120 0.028784 -0.027615 0.658621 -0.206873 -0.089711 2.133126 -0.378889 -0.081630 -2.538331 0.328290 0.163092 -1.565865 0.403245 0.205795 1.744858 -0.276971 -0.106259 -0.749504 0.226172 -0.281082 -0.006157 -0.110072 0.026001 -0.045228 0.089009 -0.031462 0.877516 0.180617 -0.233701 0.843124 0.564167 0.106910 0.421160 0.316415 0.206115 0.075816 -0.358431 -0.099522 -0.490585 -0.068034 0.297049 -0.594166 -0.380326 -0.302470 -0.573703 -0.210929 0.056434 -0.521095 0.045057 -0.085561 0.443159 0.194958 0.103306 -0.162120 -0.071374 0.049733 0.658621 0.202696 0.054647 2.133126 0.385511 -0.195734 -2.538331 -0.275909 0.004797 -1.565865 -0.434951 0.292631 1.744858 0.182843 -0.181424 -0.749504 -0.171843
0.356216 -0.036084 -0.231723 -0.600795 0.207853 -0.049761 0.158531 -1.011395 0.010702 -0.064809 -1.671892 0.596009 0.522401 -1.099441 0.452536 0.271141 -0.127344 -0.033071 0.286831 0.279837 -0.172841 -0.346688 0.807999 -0.288538 0.046861 0.742223 -0.694269 -0.492339 0.557726 0.786826 -0.074399 -0.719754 0.605694 0.080234 0.023606 -0.232414 0.075405 0.120056 -0.208018 -0.089751 0.569352 -0.050340 -0.065108 -1.352152 0.295307 0.086203 -0.010416 0.076997 0.430801 1.512481 -0.246591 -0.793073 1.323278 -0.570579 0.416190 -0.036084 0.085853 -0.541268 0.207853 0.265441 0.143709 -1.011395 -0.067781 -0.277707 -1.671892 -0.531324 0.321384 -1.099441 -0.611885 0.264528 -0.127344 -0.068091 0.330110 0.279837 0.056331 -0.217582 0.807999 0.395101 0.296830 0.742223 0.629363 -0.745382 0.557726 -0.553082 -0.290169 -0.719754 -0.536845 0.159469 0.023606 0.187145 0.146075 0.120056 0.166192 -0.065211 0.569352 0.079605 -0.168321 -1.352152 -0.251223 0.052185 -0.010416 -0.103131 0.491061 1.512481 0.072497 -0.530364 1.323278 0.820512
-0.439581 -0.223858 -0.172996 0.092534 0.318154 0.354913 -0.584254 0.907720 -0.335531 0.183382 0.233173 0.009093 0.049429 -0.175267 -0.011838 0.238567 -1.402073 0.500020 0.252052 -0.500930 0.888469 0.284924 -0.465194 0.051628 0.386773 0.531205 -0.427913 -0.347250 1.813677 -1.490471 -0.608156 -1.048311 1.018491 0.422478 0.033560 -0.124051 -0.021472 0.128560 0.017008 -0.005848 -0.391212 0.122893 -0.138182 0.049196 -0.130634 0.146233 0.411825 -0.135488 0.183764 0.454002 -0.198196 -0.228144 -0.499394 0.074722 -0.346215 -0.223858 0.321395 -0.043274 0.318154 -0.364216 -0.421648 0.907720 0.525497 0.167435 0.233173 -0.075345 0.050342 -0.175267 -0.007004 0.039782 -1.402073 -0.552586 -0.089328 -0.500930 -0.919199 0.246472 -0.465194 -0.151983 0.516193 0.531205 0.257387 0.220234 1.813677 1.514458 -0.937709 -1.048311 -0.726553 0.438621 0.033560 -0.038569 -0.026196 0.128560 -0.008006 -0.050263 -0.391212 -0.112296 -0.081023 0.049196 0.172031 0.185574 0.411825 0.072826 0.243388 0.454002 0.117528 -0.239682 -0.499394 0.013627
-0.610200 -0.793566 -1.185382 -0.656691 0.623539 1.398307 0.016652 -0.824225 0.380404 0.946703 -0.108474 -0.194471 0.716823 1.495893 -0.838337 -0.839481 -0.267579 -0.068021 -0.028732 0.295970 0.266300 0.083191 -0.423002 0.283355 0.203330 -0.906782 0.168512 0.236866 -0.069282 0.160999 0.025300 0.207903 -0.071523 0.081348 -0.003306 -0.023912 -0.046799 -0.344320 0.040106 0.034495 0.440585 -0.167440 0.003289 -0.642644 0.200302 0.020239 0.638790 -0.120825 0.094731 -0.187618 0.108697 -0.106511 0.676993 -0.292192 -0.135871 -0.793566 1.326278 -1.121418 0.623539 -1.062509 -0.123227 -0.824225 -0.360277 0.952423 -0.108474 -0.164181 0.973191 1.495893 0.519176 -0.756856 -0.267579 0.369491 -0.123871 0.295970 -0.237481 -0.025876 -0.423002 -0.294179 0.127871 -0.906782 -0.231059 0.161837 -0.069282 -0.236294 0.049642 0.207903 0.057370 0.084466 -0.003306 -0.007402 -0.058202 -0.344320 -0.020276 0.093184 0.440585 0.143328 -0.069986 -0.642644 -0.187706 0.062909 0.638790 0.105122 0.048565 -0.187618 -0.135759 0.007385 0.676993 0.310912
0.208364 0.096714 0.071709 0.056555 0.046745 0.032964 0.020959 0.016334 0.010442 0.009495 0.008052 0.007948 0.007385 0.006375 0.005457 0.005304 0.004310 0.003835 0.003641 0.003358 0.002933 0.002808 0.002540 0.002504 0.002396 0.002277 0.002126 0.002012 0.001914 0.001588 0.001530 0.001374 0.001222 0.001168 0.001053 0.000979 0.000961 0.000805 0.000761 0.000660 0.000569 0.000545
