-2.28781 1.57482 26.1955
-3.87986 1.57312 26.1908
-2.29784 1.59661 28.6767
-3.81781 1.58403 28.6673
-2.46817 0.982339 25.4965
-3.70948 0.988818 25.4776
-2.49645 0.924534 29.3424
-3.60862 0.920077 29.3392
-2.21658 0.692028 26.9274
-3.91501 0.683309 26.9226
-2.4973 0.257123 27.1847
-3.61815 0.244683 27.1815
-2.52502 0.180405 28.3946
-3.57292 0.171404 28.4052
-2.35696 1.60384 25.5356
-3.93545 1.60216 25.3283
-2.68279 1.62562 27.9954
-4.18919 1.61306 27.7925
-2.44686 1.01136 24.8194
-3.67566 1.01786 24.6426
-2.96456 0.953544 28.6304
-4.06727 0.949104 28.4856
-2.3795 0.721041 26.2706
-4.06349 0.712349 26.0496
-2.6907 0.286139 26.4901
-3.80202 0.273717 26.3442
-2.87224 0.209419 27.6867
-3.91295 0.200434 27.5637
-2.10677 1.58154 22.9671
-3.68498 1.57979 22.7576
-2.43589 1.6034 25.4264
-3.94201 1.59077 25.2214
-2.1957 0.989029 22.2507
-3.42424 0.995471 22.0722
-2.71848 0.931334 26.0611
-3.82098 0.926844 25.9147
-2.13026 0.698766 23.7021
-3.81394 0.689998 23.4787
-2.44175 0.26386 23.9212
-3.55285 0.251388 23.7737
-2.62487 0.187177 25.1175
-3.6654 0.178145 24.9931
-2.20214 1.6087 21.8758
-3.79419 1.60699 21.8767
-2.20334 1.63058 24.3571
-3.72333 1.61799 24.3529
-2.38498 1.01619 21.1776
-3.62634 1.02266 21.1629
-2.39958 0.958525 25.0235
-3.51175 0.954063 25.0241
-2.1283 0.725932 22.6075
-3.82673 0.717208 22.6086
-2.40811 0.291035 22.8659
-3.52896 0.278592 22.8664
-2.43151 0.214362 24.0759
-3.47936 0.205357 24.09
-2.15997 1.59043 22.1108
-3.75025 1.58885 22.0357
-2.27966 1.61213 24.5892
-3.79771 1.59966 24.5124
-2.30931 0.99798 21.4046
-3.54854 1.00456 21.3306
-2.50756 0.940038 25.2455
-3.61849 0.935669 25.1929
-2.12123 0.707597 22.8451
-3.81777 0.699014 22.7651
-2.4131 0.272705 23.0899
-3.53269 0.260355 23.0368
-2.49426 0.195946 24.2973
-3.54158 0.187028 24.2614
-2.03806 1.52736 20.1713
-3.62586 1.52584 20.0552
-2.22147 1.54931 22.646
-3.73701 1.5369 22.5298
-2.16921 0.93485 19.4618
-3.40607 0.941471 19.3555
-2.46621 0.877298 23.2962
-3.57539 0.872969 23.2148
-2.01827 0.644602 20.9066
-3.71215 0.63608 20.7827
-2.31637 0.209746 21.1438
-3.43418 0.197437 21.0617
-2.42854 0.133111 22.3488
-3.47455 0.124231 22.2856
-2.21578 1.49839 20.6371
-3.80641 1.49696 20.57
-2.32257 1.52025 23.1163
-3.84094 1.50793 23.0467
-2.36886 0.905919 19.932
-3.60838 0.91261 19.8637
-2.54711 0.848226 23.7737
-3.65826 0.843959 23.7265
-2.17331 0.615604 21.3714
-3.8702 0.607177 21.2997
-2.46398 0.180754 21.6178
-3.58375 0.168507 21.5699
-2.53879 0.104075 22.8257
-3.58623 0.0952539 22.7945
-2.09543 1.39718 17.4905
-3.68404 1.39583 17.5948
-1.93503 1.41906 19.967
-3.45209 1.40681 20.0608
-2.32344 0.804714 16.8062
-3.56312 0.811468 16.8712
-2.08762 0.747042 20.6447
-3.19743 0.742832 20.717
-1.97429 0.514394 18.2161
-3.66905 0.506053 18.3271
-2.23682 0.07956 18.4924
-3.35525 0.0673691 18.5649
-2.18131 0.0028887 19.7013
-3.22604 -0.00587981 19.7826
-2.12586 1.45022 16.6296
-3.71686 1.44882 16.6866
-2.03916 1.47192 19.1098
-3.55833 1.45962 19.1582
-2.3334 0.857795 15.9389
-3.57445 0.864512 15.9666
-2.21182 0.799851 19.7827
-3.32328 0.795606 19.8217
-2.02632 0.567382 17.3585
-3.72362 0.558988 17.4188
-2.29695 0.132521 17.6269
-3.41702 0.120295 17.6658
-2.27738 0.0557631 18.8369
-3.32406 0.0469615 18.8868
-2.31541 1.50314 15.5778
-3.86952 1.5017 15.9231
-1.77887 1.52478 18.0009
-3.26394 1.51244 18.3246
-2.64511 0.910731 14.9365
-3.86046 0.91741 15.1892
-1.82621 0.85269 18.6939
-2.91207 0.848411 18.9343
-2.08488 0.62029 16.2764
-3.74291 0.611844 16.6443
-2.30216 0.185414 16.5896
-3.39651 0.173154 16.8313
-2.06273 0.108625 17.7759
-3.08292 0.0997908 18.015
-2.0895 1.50213 13.2779
-3.67453 1.5005 13.4267
-1.85923 1.52389 15.7493
-3.37307 1.51138 15.8846
-2.33658 0.909656 12.6009
-3.57395 0.916192 12.6993
-1.99253 0.851817 16.4309
-3.0999 0.847411 16.5336
-1.94775 0.619321 14.0001
-3.63872 0.610679 14.1579
-2.20235 0.184426 14.2839
-3.3183 0.172037 14.3866
-2.11262 0.107699 15.4907
-3.15468 0.0987447 15.6001
-2.21167 1.55612 12.7262
-3.80039 1.55495 12.8281
-2.05427 1.57819 15.2035
-3.57144 1.56611 15.2936
-2.43887 0.963617 12.0427
-3.67857 0.970514 12.1038
-2.20778 0.906246 15.881
-3.31769 0.902165 15.9505
-2.0915 0.673378 13.4526
-3.78638 0.665234 13.56
-2.3545 0.238597 13.7289
-3.47297 0.226536 13.798
-2.30031 0.162022 14.9378
-3.34515 0.153377 15.0158
-2.19011 1.58236 10.8102
-3.7806 1.58097 10.8785
-2.08465 1.60439 13.2904
-3.60335 1.5921 13.348
-2.40284 0.989846 10.1223
-3.64351 0.99657 10.1567
-2.25224 0.932408 13.9645
-3.36336 0.928171 14.0102
-2.08506 0.699619 11.539
-3.7818 0.691238 11.6105
-2.35377 0.264794 11.8099
-3.47339 0.252577 11.8548
-2.32486 0.188196 13.0196
-3.37107 0.179403 13.0751
-2.04859 1.57461 8.43857
-3.63805 1.57337 8.52743
-1.91081 1.59703 10.9174
-3.4286 1.58488 10.9942
-2.27032 0.982003 7.75395
-3.51039 0.988834 7.80372
-2.06965 0.925172 11.5937
-3.18007 0.921033 11.6534
-1.93412 0.691978 9.16625
-3.62976 0.683747 9.25938
-2.19935 0.257219 9.4408
-3.31824 0.245101 9.49969
-2.15461 0.180814 10.6501
-3.2 0.172116 10.7185
-2.19023 1.59903 7.32445
-3.77271 1.59807 7.4975
-1.92086 1.62108 9.79271
-3.43243 1.60921 9.94939
-2.44814 1.00655 6.65285
-3.6838 1.01362 6.76768
-2.04367 0.949162 10.4763
-3.14936 0.945229 10.5945
-2.03741 0.716273 8.04507
-3.7257 0.708355 8.22774
-2.28778 0.281528 8.3334
-3.40196 0.269616 8.451
-2.17879 0.204949 9.53859
-3.21907 0.196442 9.66174
