15 14 14
1.520800 1.636200 3.860000
721.500000 0.000000 609.500000 0.000000 721.500000 172.800000 0.000000 0.000000 1.000000
-2.669898 0.959600 25.308427
-2.633573 0.959600 24.091085
-2.596527 0.959600 22.863330
-2.558683 0.959600 21.625028
-2.519944 0.959600 20.376044
-2.557781 0.959600 19.713250
-2.631502 0.959600 18.980816
-2.692414 0.959600 18.198988
-2.660201 0.959600 16.824292
-2.625865 0.959600 15.432011
-2.562876 0.959600 13.809081
-2.519527 0.959600 12.233372
-2.466937 0.959600 10.693875
-2.406587 0.959600 9.194199
-2.486866 0.959600 8.097893
547.831376 213.967791
547.831376 214.346029
502.444828 202.620669
502.444828 202.620669
541.975048 201.485956
502.932856 201.485956
502.444828 201.107719
547.831376 214.346029
549.783486 191.273546
500.980746 189.760596
542.463075 180.304661
509.277212 180.682898
551.735596 180.304661
542.951102 179.548186
547.932085 214.589208
540.140456 180.567772
497.546216 204.182651
497.546216 204.182651
538.062688 204.182651
497.546216 204.182651
497.026774 204.182651
545.854317 216.190217
544.295991 191.774834
494.429565 191.374581
539.101572 180.968025
506.376729 181.368277
550.529295 180.567772
504.818403 180.968025
546.425970 218.268412
493.142328 223.794045
493.697366 205.942000
494.252404 205.942000
537.545363 205.942000
493.142328 206.367048
493.697366 205.942000
493.697366 206.367048
548.091084 191.490344
493.142328 193.615588
537.545363 181.289176
502.022935 182.564322
536.990325 181.289176
514.788808 180.864127
539.987718 222.893903
484.587701 226.519421
488.161896 207.938642
535.817824 182.106827
534.030727 207.485452
486.970497 207.485452
488.161896 195.249329
535.817824 207.938642
541.774815 195.702519
486.970497 195.249329
534.626426 181.653638
497.693081 182.106827
535.817824 181.653638
497.693081 182.106827
541.599559 222.359080
543.527282 220.902878
532.603518 210.224058
480.554995 194.205828
531.318369 209.253256
486.980739 210.709459
542.242133 221.873679
542.242133 222.359080
541.599559 193.235026
481.197570 195.176630
532.603518 181.585405
494.691631 182.070806
531.960943 180.614603
531.960943 180.614603
539.147837 223.534453
539.147837 223.534453
472.702972 211.008957
539.147837 223.534453
527.257703 209.443270
472.003552 211.008957
472.003552 210.487061
473.402391 211.008957
541.246096 192.220713
472.702972 194.308295
530.055381 180.217112
489.489043 180.739008
530.055381 180.217112
528.656542 180.217112
534.169298 223.285478
534.169298 223.849928
536.475855 224.414379
523.405364 178.693898
522.636511 209.174218
469.585694 211.432020
533.400445 223.849928
534.169298 223.849928
534.938150 191.111806
466.510284 192.805157
525.711921 178.129447
479.580775 178.693898
528.018478 178.129447
495.726676 177.564997
528.277284 226.642365
454.315904 211.889596
541.029246 219.265981
528.277284 226.642365
513.825060 211.889596
452.615642 211.889596
452.615642 211.889596
528.277284 226.027666
529.977546 190.375141
458.566558 192.219237
520.626107 176.851769
472.168651 178.081167
523.176499 175.622372
492.571790 174.392975
521.387746 231.482718
509.059696 178.159996
537.509043 221.358151
521.387746 230.807747
505.266450 215.283410
435.091392 215.283410
435.091392 215.283410
537.509043 222.033122
523.284370 197.059188
431.298146 196.384217
513.801254 176.810053
443.626196 177.485024
516.646189 175.460111
468.282298 175.460111
514.135335 239.634965
532.316270 228.407000
532.316270 228.407000
514.135335 239.634965
494.884934 220.921690
413.605463 219.424628
414.674930 219.424628
532.316270 228.407000
514.135335 198.465759
428.577997 197.717228
506.649068 178.255421
447.828398 180.501014
524.830003 178.255421
505.579602 178.255421
501.989933 246.638927
418.235658 204.681740
525.391862 234.051771
501.989933 246.638927
482.283044 227.338621
392.370367 228.177765
392.370367 229.016908
412.077255 204.681740
506.916655 205.520883
413.308936 203.842596
495.831530 182.864002
433.015824 182.864002
511.843377 179.507427
467.502878 176.150852
483.846929 262.247195
517.069519 241.264702
515.625058 242.218451
483.846929 262.247195
462.180022 235.542203
358.178870 238.403453
368.290094 239.357202
480.958008 262.247195
495.402612 206.929713
385.623619 206.929713
479.513547 185.947219
411.623907 184.993470
496.847072 182.132220
449.179878 178.317222
467.344535 276.255930
507.150123 249.719711
505.419446 250.825386
467.344535 276.255930
434.461658 248.614035
321.967603 240.874304
321.967603 239.768628
321.967603 239.768628
475.997924 219.866463
330.620992 213.232408
462.152502 186.696189
354.850481 191.118892
488.112668 186.696189
425.808269 181.167810
439.326969 291.668466
496.945602 260.093824
496.945602 260.093824
439.326969 291.668466
396.646501 264.040654
257.934978 260.093824
257.934978 262.725044
255.800955 264.040654
454.265133 228.519181
311.285564 227.203571
439.326969 190.366487
345.429939 190.366487
496.945602 189.050877
396.646501 185.104047
404.499014 318.321936
475.817008 274.084571
475.817008 274.084571
404.499014 318.321936
349.639019 283.237129
165.858036 289.338835
344.153020 277.135424
407.242014 235.948911
418.214013 238.999764
261.863027 242.050617
412.728013 191.711545
300.265024 196.287825
440.158011 190.186119
355.125019 190.186119
0.097274
0.105001
0.004735
0.103521
0.228045
0.258112
0.010387
0.108810
0.119451
0.326301
0.232712
0.332952
0.036852
0.105108
0.044039
0.102448
0.004701
0.104974
0.215836
0.283307
0.006269
0.106544
0.091468
0.320068
0.249892
0.302413
0.015164
0.163807
0.055489
0.102036
0.005878
0.104784
0.207630
0.279898
0.008007
0.105468
0.158120
0.299478
0.249384
0.346994
0.021118
0.112286
0.023524
0.102868
0.005338
0.105546
0.206925
0.287299
0.006322
0.103266
0.109957
0.285842
0.268052
0.312448
0.045864
0.115104
0.075167
0.101848
0.003990
0.103483
0.226721
0.108963
0.003058
0.105598
0.215329
0.320976
0.223273
0.329214
0.016774
0.108066
0.187311
0.103680
0.005567
0.108855
0.193827
0.233119
0.008422
0.108190
0.188827
0.319944
0.255002
0.322669
0.029174
0.107687
0.168953
0.103554
0.004696
0.103364
0.197217
0.108941
0.006125
0.109722
0.244551
0.320016
0.248114
0.311491
0.039914
0.107515
0.188705
0.102554
0.163577
0.106200
0.218825
0.119439
0.014821
0.108597
0.227448
0.240552
0.241247
0.333797
0.061789
0.108885
0.204472
0.101272
0.166937
0.114773
0.201813
0.131363
0.006966
0.107159
0.129148
0.293641
0.251161
0.262758
0.049890
0.115281
0.204061
0.103399
0.188876
0.134763
0.207585
0.258978
0.007193
0.106071
0.124259
0.302589
0.250017
0.341919
0.048418
0.114504
0.219653
0.101962
0.175528
0.117118
0.220698
0.229993
0.007309
0.105413
0.182397
0.230822
0.207885
0.344149
0.201473
0.118869
0.201558
0.121352
0.182970
0.110261
0.241033
0.145843
0.009514
0.107028
0.181380
0.186829
0.230923
0.297927
0.193077
0.124972
0.219955
0.125133
0.186317
0.126938
0.207637
0.112158
0.037087
0.110861
0.150554
0.234832
0.239501
0.300316
0.244859
0.127997
0.229285
0.107529
0.194657
0.134297
0.247292
0.201318
0.010094
0.109261
0.230003
0.336886
0.238329
0.353452
0.160010
0.126981
0.250547
0.111759
0.196135
0.148891
0.220362
0.313561
0.004262
0.104104
0.193449
0.142031
0.224191
0.329083
0.171379
0.121033
-2.053047 1.611439 23.967213
-3.615186 1.611568 24.059752
-1.937757 1.508912 26.437260
-3.373840 1.495293 26.519115
-2.314264 1.061783 23.285664
-3.457498 1.062213 23.342571
-2.088536 0.863623 27.110539
-3.137608 0.858236 27.172944
-1.957112 0.597027 24.691754
-3.590546 0.594829 24.789963
-2.235387 0.110248 24.961568
-3.269442 0.110550 25.027151
-2.186642 0.091760 26.173313
-3.147500 0.090768 26.245763
-2.017988 1.611439 22.749289
-3.580039 1.611568 22.843302
-1.900366 1.508912 25.219226
-3.336372 1.495293 25.302436
-2.279849 1.061783 22.067986
-3.423028 1.062213 22.125973
-2.050510 0.863623 25.892647
-3.099523 0.858236 25.956042
-1.921369 0.597027 23.473739
-3.554710 0.594829 23.573490
-2.199389 0.110248 23.743816
-3.233382 0.110550 23.810375
-2.149500 0.091760 24.955513
-3.110290 0.090768 25.028871
-1.982209 1.611439 21.520954
-3.544171 1.611568 21.616441
-1.862256 1.508912 23.990778
-3.298182 1.495293 24.075344
-2.244713 1.061783 20.839898
-3.387837 1.062213 20.898964
-2.011764 0.863623 24.664340
-3.060716 0.858236 24.728726
-1.884907 0.597027 22.245312
-3.518153 0.594829 22.346605
-2.162672 0.110248 22.515651
-3.196601 0.110550 22.583186
-2.111639 0.091760 23.727301
-3.072359 0.090768 23.801565
-1.945632 1.611439 20.282073
-3.507503 1.611568 20.379035
-1.823348 1.508912 22.751783
-3.259194 1.495293 22.837705
-2.208779 1.061783 19.601266
-3.351847 1.062213 19.661410
-1.972220 0.863623 23.425486
-3.021111 0.858236 23.490862
-1.847646 0.597027 21.006339
-3.480796 0.594829 21.109174
-2.125156 0.110248 21.276940
-3.159021 0.110550 21.345451
-2.072980 0.091760 22.488542
-3.033629 0.090768 22.563713
-1.908162 1.611439 19.032510
-3.469941 1.611568 19.130947
-1.783546 1.508912 21.502105
-3.219310 1.495293 21.589381
-2.171951 1.061783 18.351952
-3.314962 1.062213 18.413176
-1.931782 0.863623 22.175947
-2.980611 0.858236 22.242313
-1.809492 0.597027 19.756684
-3.442544 0.594829 19.861060
-2.086746 0.110248 20.027547
-3.120546 0.110550 20.097034
-2.033426 0.091760 21.239098
-2.994004 0.090768 21.315176
-1.951451 1.611439 18.367247
-3.512817 1.611568 18.472014
-1.816824 1.508912 20.836316
-3.252223 1.495293 20.929412
-2.217997 1.061783 17.687764
-3.360750 1.062213 17.753621
-1.962327 0.863623 21.510754
-3.010878 0.858236 21.581371
-1.849846 0.597027 19.091015
-3.482461 0.594829 19.202010
-2.126000 0.110248 19.362999
-3.159509 0.110550 19.436677
-2.067768 0.091760 20.574325
-3.028030 0.090768 20.654296
-2.030632 1.611439 17.632367
-3.591561 1.611568 17.743461
-1.885999 1.508912 20.100869
-3.321008 1.495293 20.199783
-2.299929 1.061783 16.953969
-3.442406 1.062213 17.024457
-2.028767 0.863623 20.775892
-3.077024 0.858236 20.850758
-1.926094 0.597027 18.355717
-3.558246 0.594829 18.473328
-2.201143 0.110248 18.628818
-3.234346 0.110550 18.706684
-2.138003 0.091760 19.839898
-3.097932 0.090768 19.923760
-2.097014 1.611439 16.848115
-3.657480 1.611568 16.965534
-1.942378 1.508912 19.316011
-3.376975 1.495293 19.420739
-2.369059 1.061783 16.170814
-3.511241 1.062213 16.245932
-2.082409 0.863623 19.991606
-3.130353 0.858236 20.070721
-1.989546 0.597027 17.571035
-3.621208 0.594829 17.695261
-2.263486 0.110248 17.845249
-3.296364 0.110550 17.927302
-2.195437 0.091760 19.056063
-3.155019 0.090768 19.143815
-2.070282 1.611439 15.471016
-3.630260 1.611568 15.594761
-1.905643 1.508912 17.938265
-3.339803 1.495293 18.048809
-2.345071 1.061783 14.794824
-3.486939 1.062213 14.874572
-2.042934 0.863623 18.614423
-3.090549 0.858236 18.697785
-1.959884 0.597027 16.193495
-3.591029 0.594829 16.324334
-2.232710 0.110248 16.468817
-3.265248 0.110550 16.555056
-2.159754 0.091760 17.679345
-3.118972 0.090768 17.770987
-2.041436 1.611439 14.076355
-3.600899 1.611568 14.206421
-1.866798 1.508912 16.542916
-3.300498 1.495293 16.659272
-2.318963 1.061783 13.401282
-3.460498 1.062213 13.485657
-2.001347 0.863623 17.219625
-3.048616 0.858236 17.307232
-1.928110 0.597027 14.798380
-3.558712 0.594829 14.935829
-2.199818 0.110248 15.074806
-3.231998 0.110550 15.165229
-2.121956 0.091760 16.285028
-3.080795 0.090768 16.380557
-1.989848 1.611439 12.448567
-3.548164 1.611568 12.591720
-1.794509 1.508912 14.913575
-3.227183 1.495293 15.041962
-2.273032 1.061783 11.775848
-3.413819 1.062213 11.869803
-1.923373 0.863623 15.591390
-2.969870 0.858236 15.687786
-1.870465 0.597027 13.169615
-3.499855 0.594829 13.320749
-2.139843 0.110248 13.448313
-3.171227 0.110550 13.547398
-2.051824 0.091760 14.657838
-3.009827 0.090768 14.761413
-1.957939 1.611439 10.868096
-3.514999 1.611568 11.024325
-1.741916 1.508912 13.331378
-3.173461 1.495293 13.471786
-2.246760 1.061783 10.197777
-3.386718 1.062213 10.301305
-1.865086 0.863623 14.010250
-2.910736 0.858236 14.115427
-1.832508 0.597027 11.588117
-3.460572 0.594829 11.752922
-2.099537 0.110248 11.869065
-3.130053 0.110550 11.976805
-2.001368 0.091760 13.077810
-2.958468 0.090768 13.189422
-1.916829 1.611439 9.323933
-3.472522 1.611568 9.493226
-1.680137 1.508912 11.785315
-3.110453 1.495293 11.937734
-2.211266 1.061783 8.656062
-3.350315 1.062213 8.769155
-1.797604 0.863623 12.465197
-2.842335 0.858236 12.579147
-1.785359 0.597027 10.042876
-3.411982 0.594829 10.221340
-2.050020 0.110248 10.326056
-3.079595 0.110550 10.442441
-1.941709 0.091760 11.533933
-2.897838 0.090768 11.653576
-1.867998 1.611439 7.819688
-3.422216 1.611568 8.002033
-1.610654 1.508912 10.278996
-3.039640 1.495293 10.443416
-2.168031 1.061783 7.154312
-3.306090 1.062213 7.276962
-1.722410 0.863623 10.959840
-2.766147 0.858236 11.082556
-1.730497 0.597027 8.537502
-3.355565 0.594829 8.729614
-1.992773 0.110248 8.822893
-3.021334 0.110550 8.947917
-1.874326 0.091760 10.029820
-2.829418 0.090768 10.157483
-1.959834 1.611439 6.718908
-3.512466 1.611568 6.914295
-1.681854 1.508912 9.175970
-3.109410 1.495293 9.352380
-2.265443 1.061783 6.056075
-3.402432 1.062213 6.188274
-1.787890 0.863623 9.857728
-2.830561 0.858236 9.989201
-1.816313 0.597027 7.435542
-3.439710 0.594829 7.641290
-2.076183 0.110248 7.723126
-3.103659 0.110550 7.856779
-1.947609 0.091760 8.929015
-2.901594 0.090768 9.064692
-0.042565 0.075036 0.038007 0.050214 0.076445 0.037997 -0.036833 -0.068643 0.031727 0.045346 -0.067069 0.030890 -0.030436 0.116304 0.005810 0.037961 0.118062 0.005839 -0.024533 -0.106574 -0.005417 0.034024 -0.105538 -0.005680 -0.044327 0.030921 -0.021243 0.051338 0.032337 -0.021364 -0.026888 0.016931 -0.049289 0.033660 0.017629 -0.049276 -0.024254 -0.050447 -0.049887 0.031657 -0.050473 -0.049937
-0.027652 -0.022491 0.009450 0.024635 -0.015609 0.006482 0.048743 -0.009500 -0.011312 -0.055486 0.011861 -0.011743 -0.094049 0.108017 -0.010638 0.090622 0.107675 -0.009810 0.064752 0.069514 0.005826 -0.061446 0.079183 0.007599 -0.023093 -0.082728 -0.015318 0.019441 -0.082440 -0.014878 -0.020765 -0.084014 0.000924 0.016845 -0.084884 0.001560 0.020857 -0.004996 0.041950 -0.026848 -0.004649 0.043818
0.040754 0.024389 0.043016 -0.048216 0.041907 0.043801 0.008347 0.025525 0.031686 -0.014791 0.018596 0.034652 0.033476 0.019275 -0.003442 -0.026990 0.013606 -0.003354 -0.014029 0.106592 0.003151 0.007718 0.099223 0.004272 0.034028 0.024611 -0.006444 -0.029790 0.032694 -0.004070 0.000429 -0.015608 -0.037107 0.010960 -0.012043 -0.035215 -0.009122 -0.184869 -0.044175 0.015415 -0.188638 -0.042107
0.085334 0.007781 -0.096136 -0.067274 -0.000127 -0.097739 -0.064720 -0.002571 -0.066602 0.073441 0.009319 -0.067125 -0.028836 0.053360 0.015059 0.024298 0.038434 0.014542 -0.106132 0.014001 -0.024121 0.092022 0.016526 -0.033402 -0.007732 -0.002537 0.042972 0.004359 -0.000400 0.038337 -0.031856 -0.078814 0.087234 0.009334 -0.062234 0.086295 -0.011929 -0.013275 0.074899 0.006526 0.005657 0.069173
0.030701 -0.124484 -0.025727 -0.020497 -0.123393 -0.029809 0.023281 -0.026569 -0.009926 -0.028775 0.016007 -0.006103 -0.049629 0.031673 -0.006271 0.056865 0.032834 -0.004781 -0.009274 -0.038062 -0.006530 0.011102 -0.021403 -0.008035 -0.019944 0.090105 -0.010219 0.021389 0.079094 -0.011397 0.016561 0.111655 0.012579 -0.022014 0.095684 0.012580 0.083880 -0.057545 0.036052 -0.083694 -0.059201 0.038945
-0.042565 0.075036 0.038007 0.050214 0.076445 0.037997 -0.036833 -0.068643 0.031727 0.045346 -0.067069 0.030890 -0.030436 0.116304 0.005810 0.037961 0.118062 0.005839 -0.024533 -0.106574 -0.005417 0.034024 -0.105538 -0.005680 -0.044327 0.030921 -0.021243 0.051338 0.032337 -0.021364 -0.026888 0.016931 -0.049289 0.033660 0.017629 -0.049276 -0.024254 -0.050447 -0.049887 0.031657 -0.050473 -0.049937
-0.027652 -0.022491 0.009450 0.024635 -0.015609 0.006482 0.048743 -0.009500 -0.011312 -0.055486 0.011861 -0.011743 -0.094049 0.108017 -0.010638 0.090622 0.107675 -0.009810 0.064752 0.069514 0.005826 -0.061446 0.079183 0.007599 -0.023093 -0.082728 -0.015318 0.019441 -0.082440 -0.014878 -0.020765 -0.084014 0.000924 0.016845 -0.084884 0.001560 0.020857 -0.004996 0.041950 -0.026848 -0.004649 0.043818
0.040754 0.024389 0.043016 -0.048216 0.041907 0.043801 0.008347 0.025525 0.031686 -0.014791 0.018596 0.034652 0.033476 0.019275 -0.003442 -0.026990 0.013606 -0.003354 -0.014029 0.106592 0.003151 0.007718 0.099223 0.004272 0.034028 0.024611 -0.006444 -0.029790 0.032694 -0.004070 0.000429 -0.015608 -0.037107 0.010960 -0.012043 -0.035215 -0.009122 -0.184869 -0.044175 0.015415 -0.188638 -0.042107
0.085334 0.007781 -0.096136 -0.067274 -0.000127 -0.097739 -0.064720 -0.002571 -0.066602 0.073441 0.009319 -0.067125 -0.028836 0.053360 0.015059 0.024298 0.038434 0.014542 -0.106132 0.014001 -0.024121 0.092022 0.016526 -0.033402 -0.007732 -0.002537 0.042972 0.004359 -0.000400 0.038337 -0.031856 -0.078814 0.087234 0.009334 -0.062234 0.086295 -0.011929 -0.013275 0.074899 0.006526 0.005657 0.069173
0.030701 -0.124484 -0.025727 -0.020497 -0.123393 -0.029809 0.023281 -0.026569 -0.009926 -0.028775 0.016007 -0.006103 -0.049629 0.031673 -0.006271 0.056865 0.032834 -0.004781 -0.009274 -0.038062 -0.006530 0.011102 -0.021403 -0.008035 -0.019944 0.090105 -0.010219 0.021389 0.079094 -0.011397 0.016561 0.111655 0.012579 -0.022014 0.095684 0.012580 0.083880 -0.057545 0.036052 -0.083694 -0.059201 0.038945
-0.042565 0.075036 0.038007 0.050214 0.076445 0.037997 -0.036833 -0.068643 0.031727 0.045346 -0.067069 0.030890 -0.030436 0.116304 0.005810 0.037961 0.118062 0.005839 -0.024533 -0.106574 -0.005417 0.034024 -0.105538 -0.005680 -0.044327 0.030921 -0.021243 0.051338 0.032337 -0.021364 -0.026888 0.016931 -0.049289 0.033660 0.017629 -0.049276 -0.024254 -0.050447 -0.049887 0.031657 -0.050473 -0.049937
-0.027652 -0.022491 0.009450 0.024635 -0.015609 0.006482 0.048743 -0.009500 -0.011312 -0.055486 0.011861 -0.011743 -0.094049 0.108017 -0.010638 0.090622 0.107675 -0.009810 0.064752 0.069514 0.005826 -0.061446 0.079183 0.007599 -0.023093 -0.082728 -0.015318 0.019441 -0.082440 -0.014878 -0.020765 -0.084014 0.000924 0.016845 -0.084884 0.001560 0.020857 -0.004996 0.041950 -0.026848 -0.004649 0.043818
0.040754 0.024389 0.043016 -0.048216 0.041907 0.043801 0.008347 0.025525 0.031686 -0.014791 0.018596 0.034652 0.033476 0.019275 -0.003442 -0.026990 0.013606 -0.003354 -0.014029 0.106592 0.003151 0.007718 0.099223 0.004272 0.034028 0.024611 -0.006444 -0.029790 0.032694 -0.004070 0.000429 -0.015608 -0.037107 0.010960 -0.012043 -0.035215 -0.009122 -0.184869 -0.044175 0.015415 -0.188638 -0.042107
0.085334 0.007781 -0.096136 -0.067274 -0.000127 -0.097739 -0.064720 -0.002571 -0.066602 0.073441 0.009319 -0.067125 -0.028836 0.053360 0.015059 0.024298 0.038434 0.014542 -0.106132 0.014001 -0.024121 0.092022 0.016526 -0.033402 -0.007732 -0.002537 0.042972 0.004359 -0.000400 0.038337 -0.031856 -0.078814 0.087234 0.009334 -0.062234 0.086295 -0.011929 -0.013275 0.074899 0.006526 0.005657 0.069173
0.030701 -0.124484 -0.025727 -0.020497 -0.123393 -0.029809 0.023281 -0.026569 -0.009926 -0.028775 0.016007 -0.006103 -0.049629 0.031673 -0.006271 0.056865 0.032834 -0.004781 -0.009274 -0.038062 -0.006530 0.011102 -0.021403 -0.008035 -0.019944 0.090105 -0.010219 0.021389 0.079094 -0.011397 0.016561 0.111655 0.012579 -0.022014 0.095684 0.012580 0.083880 -0.057545 0.036052 -0.083694 -0.059201 0.038945
-0.042565 0.075036 0.038007 0.050214 0.076445 0.037997 -0.036833 -0.068643 0.031727 0.045346 -0.067069 0.030890 -0.030436 0.116304 0.005810 0.037961 0.118062 0.005839 -0.024533 -0.106574 -0.005417 0.034024 -0.105538 -0.005680 -0.044327 0.030921 -0.021243 0.051338 0.032337 -0.021364 -0.026888 0.016931 -0.049289 0.033660 0.017629 -0.049276 -0.024254 -0.050447 -0.049887 0.031657 -0.050473 -0.049937
-0.027652 -0.022491 0.009450 0.024635 -0.015609 0.006482 0.048743 -0.009500 -0.011312 -0.055486 0.011861 -0.011743 -0.094049 0.108017 -0.010638 0.090622 0.107675 -0.009810 0.064752 0.069514 0.005826 -0.061446 0.079183 0.007599 -0.023093 -0.082728 -0.015318 0.019441 -0.082440 -0.014878 -0.020765 -0.084014 0.000924 0.016845 -0.084884 0.001560 0.020857 -0.004996 0.041950 -0.026848 -0.004649 0.043818
0.040754 0.024389 0.043016 -0.048216 0.041907 0.043801 0.008347 0.025525 0.031686 -0.014791 0.018596 0.034652 0.033476 0.019275 -0.003442 -0.026990 0.013606 -0.003354 -0.014029 0.106592 0.003151 0.007718 0.099223 0.004272 0.034028 0.024611 -0.006444 -0.029790 0.032694 -0.004070 0.000429 -0.015608 -0.037107 0.010960 -0.012043 -0.035215 -0.009122 -0.184869 -0.044175 0.015415 -0.188638 -0.042107
0.085334 0.007781 -0.096136 -0.067274 -0.000127 -0.097739 -0.064720 -0.002571 -0.066602 0.073441 0.009319 -0.067125 -0.028836 0.053360 0.015059 0.024298 0.038434 0.014542 -0.106132 0.014001 -0.024121 0.092022 0.016526 -0.033402 -0.007732 -0.002537 0.042972 0.004359 -0.000400 0.038337 -0.031856 -0.078814 0.087234 0.009334 -0.062234 0.086295 -0.011929 -0.013275 0.074899 0.006526 0.005657 0.069173
0.030701 -0.124484 -0.025727 -0.020497 -0.123393 -0.029809 0.023281 -0.026569 -0.009926 -0.028775 0.016007 -0.006103 -0.049629 0.031673 -0.006271 0.056865 0.032834 -0.004781 -0.009274 -0.038062 -0.006530 0.011102 -0.021403 -0.008035 -0.019944 0.090105 -0.010219 0.021389 0.079094 -0.011397 0.016561 0.111655 0.012579 -0.022014 0.095684 0.012580 0.083880 -0.057545 0.036052 -0.083694 -0.059201 0.038945
-0.042565 0.075036 0.038007 0.050214 0.076445 0.037997 -0.036833 -0.068643 0.031727 0.045346 -0.067069 0.030890 -0.030436 0.116304 0.005810 0.037961 0.118062 0.005839 -0.024533 -0.106574 -0.005417 0.034024 -0.105538 -0.005680 -0.044327 0.030921 -0.021243 0.051338 0.032337 -0.021364 -0.026888 0.016931 -0.049289 0.033660 0.017629 -0.049276 -0.024254 -0.050447 -0.049887 0.031657 -0.050473 -0.049937
-0.027652 -0.022491 0.009450 0.024635 -0.015609 0.006482 0.048743 -0.009500 -0.011312 -0.055486 0.011861 -0.011743 -0.094049 0.108017 -0.010638 0.090622 0.107675 -0.009810 0.064752 0.069514 0.005826 -0.061446 0.079183 0.007599 -0.023093 -0.082728 -0.015318 0.019441 -0.082440 -0.014878 -0.020765 -0.084014 0.000924 0.016845 -0.084884 0.001560 0.020857 -0.004996 0.041950 -0.026848 -0.004649 0.043818
0.040754 0.024389 0.043016 -0.048216 0.041907 0.043801 0.008347 0.025525 0.031686 -0.014791 0.018596 0.034652 0.033476 0.019275 -0.003442 -0.026990 0.013606 -0.003354 -0.014029 0.106592 0.003151 0.007718 0.099223 0.004272 0.034028 0.024611 -0.006444 -0.029790 0.032694 -0.004070 0.000429 -0.015608 -0.037107 0.010960 -0.012043 -0.035215 -0.009122 -0.184869 -0.044175 0.015415 -0.188638 -0.042107
0.085334 0.007781 -0.096136 -0.067274 -0.000127 -0.097739 -0.064720 -0.002571 -0.066602 0.073441 0.009319 -0.067125 -0.028836 0.053360 0.015059 0.024298 0.038434 0.014542 -0.106132 0.014001 -0.024121 0.092022 0.016526 -0.033402 -0.007732 -0.002537 0.042972 0.004359 -0.000400 0.038337 -0.031856 -0.078814 0.087234 0.009334 -0.062234 0.086295 -0.011929 -0.013275 0.074899 0.006526 0.005657 0.069173
0.030701 -0.124484 -0.025727 -0.020497 -0.123393 -0.029809 0.023281 -0.026569 -0.009926 -0.028775 0.016007 -0.006103 -0.049629 0.031673 -0.006271 0.056865 0.032834 -0.004781 -0.009274 -0.038062 -0.006530 0.011102 -0.021403 -0.008035 -0.019944 0.090105 -0.010219 0.021389 0.079094 -0.011397 0.016561 0.111655 0.012579 -0.022014 0.095684 0.012580 0.083880 -0.057545 0.036052 -0.083694 -0.059201 0.038945
-0.042565 0.075036 0.038007 0.050214 0.076445 0.037997 -0.036833 -0.068643 0.031727 0.045346 -0.067069 0.030890 -0.030436 0.116304 0.005810 0.037961 0.118062 0.005839 -0.024533 -0.106574 -0.005417 0.034024 -0.105538 -0.005680 -0.044327 0.030921 -0.021243 0.051338 0.032337 -0.021364 -0.026888 0.016931 -0.049289 0.033660 0.017629 -0.049276 -0.024254 -0.050447 -0.049887 0.031657 -0.050473 -0.049937
-0.027652 -0.022491 0.009450 0.024635 -0.015609 0.006482 0.048743 -0.009500 -0.011312 -0.055486 0.011861 -0.011743 -0.094049 0.108017 -0.010638 0.090622 0.107675 -0.009810 0.064752 0.069514 0.005826 -0.061446 0.079183 0.007599 -0.023093 -0.082728 -0.015318 0.019441 -0.082440 -0.014878 -0.020765 -0.084014 0.000924 0.016845 -0.084884 0.001560 0.020857 -0.004996 0.041950 -0.026848 -0.004649 0.043818
0.040754 0.024389 0.043016 -0.048216 0.041907 0.043801 0.008347 0.025525 0.031686 -0.014791 0.018596 0.034652 0.033476 0.019275 -0.003442 -0.026990 0.013606 -0.003354 -0.014029 0.106592 0.003151 0.007718 0.099223 0.004272 0.034028 0.024611 -0.006444 -0.029790 0.032694 -0.004070 0.000429 -0.015608 -0.037107 0.010960 -0.012043 -0.035215 -0.009122 -0.184869 -0.044175 0.015415 -0.188638 -0.042107
0.085334 0.007781 -0.096136 -0.067274 -0.000127 -0.097739 -0.064720 -0.002571 -0.066602 0.073441 0.009319 -0.067125 -0.028836 0.053360 0.015059 0.024298 0.038434 0.014542 -0.106132 0.014001 -0.024121 0.092022 0.016526 -0.033402 -0.007732 -0.002537 0.042972 0.004359 -0.000400 0.038337 -0.031856 -0.078814 0.087234 0.009334 -0.062234 0.086295 -0.011929 -0.013275 0.074899 0.006526 0.005657 0.069173
0.030701 -0.124484 -0.025727 -0.020497 -0.123393 -0.029809 0.023281 -0.026569 -0.009926 -0.028775 0.016007 -0.006103 -0.049629 0.031673 -0.006271 0.056865 0.032834 -0.004781 -0.009274 -0.038062 -0.006530 0.011102 -0.021403 -0.008035 -0.019944 0.090105 -0.010219 0.021389 0.079094 -0.011397 0.016561 0.111655 0.012579 -0.022014 0.095684 0.012580 0.083880 -0.057545 0.036052 -0.083694 -0.059201 0.038945
-0.042565 0.075036 0.038007 0.050214 0.076445 0.037997 -0.036833 -0.068643 0.031727 0.045346 -0.067069 0.030890 -0.030436 0.116304 0.005810 0.037961 0.118062 0.005839 -0.024533 -0.106574 -0.005417 0.034024 -0.105538 -0.005680 -0.044327 0.030921 -0.021243 0.051338 0.032337 -0.021364 -0.026888 0.016931 -0.049289 0.033660 0.017629 -0.049276 -0.024254 -0.050447 -0.049887 0.031657 -0.050473 -0.049937
-0.027652 -0.022491 0.009450 0.024635 -0.015609 0.006482 0.048743 -0.009500 -0.011312 -0.055486 0.011861 -0.011743 -0.094049 0.108017 -0.010638 0.090622 0.107675 -0.009810 0.064752 0.069514 0.005826 -0.061446 0.079183 0.007599 -0.023093 -0.082728 -0.015318 0.019441 -0.082440 -0.014878 -0.020765 -0.084014 0.000924 0.016845 -0.084884 0.001560 0.020857 -0.004996 0.041950 -0.026848 -0.004649 0.043818
0.040754 0.024389 0.043016 -0.048216 0.041907 0.043801 0.008347 0.025525 0.031686 -0.014791 0.018596 0.034652 0.033476 0.019275 -0.003442 -0.026990 0.013606 -0.003354 -0.014029 0.106592 0.003151 0.007718 0.099223 0.004272 0.034028 0.024611 -0.006444 -0.029790 0.032694 -0.004070 0.000429 -0.015608 -0.037107 0.010960 -0.012043 -0.035215 -0.009122 -0.184869 -0.044175 0.015415 -0.188638 -0.042107
0.085334 0.007781 -0.096136 -0.067274 -0.000127 -0.097739 -0.064720 -0.002571 -0.066602 0.073441 0.009319 -0.067125 -0.028836 0.053360 0.015059 0.024298 0.038434 0.014542 -0.106132 0.014001 -0.024121 0.092022 0.016526 -0.033402 -0.007732 -0.002537 0.042972 0.004359 -0.000400 0.038337 -0.031856 -0.078814 0.087234 0.009334 -0.062234 0.086295 -0.011929 -0.013275 0.074899 0.006526 0.005657 0.069173
0.030701 -0.124484 -0.025727 -0.020497 -0.123393 -0.029809 0.023281 -0.026569 -0.009926 -0.028775 0.016007 -0.006103 -0.049629 0.031673 -0.006271 0.056865 0.032834 -0.004781 -0.009274 -0.038062 -0.006530 0.011102 -0.021403 -0.008035 -0.019944 0.090105 -0.010219 0.021389 0.079094 -0.011397 0.016561 0.111655 0.012579 -0.022014 0.095684 0.012580 0.083880 -0.057545 0.036052 -0.083694 -0.059201 0.038945
-0.042565 0.075036 0.038007 0.050214 0.076445 0.037997 -0.036833 -0.068643 0.031727 0.045346 -0.067069 0.030890 -0.030436 0.116304 0.005810 0.037961 0.118062 0.005839 -0.024533 -0.106574 -0.005417 0.034024 -0.105538 -0.005680 -0.044327 0.030921 -0.021243 0.051338 0.032337 -0.021364 -0.026888 0.016931 -0.049289 0.033660 0.017629 -0.049276 -0.024254 -0.050447 -0.049887 0.031657 -0.050473 -0.049937
-0.027652 -0.022491 0.009450 0.024635 -0.015609 0.006482 0.048743 -0.009500 -0.011312 -0.055486 0.011861 -0.011743 -0.094049 0.108017 -0.010638 0.090622 0.107675 -0.009810 0.064752 0.069514 0.005826 -0.061446 0.079183 0.007599 -0.023093 -0.082728 -0.015318 0.019441 -0.082440 -0.014878 -0.020765 -0.084014 0.000924 0.016845 -0.084884 0.001560 0.020857 -0.004996 0.041950 -0.026848 -0.004649 0.043818
0.040754 0.024389 0.043016 -0.048216 0.041907 0.043801 0.008347 0.025525 0.031686 -0.014791 0.018596 0.034652 0.033476 0.019275 -0.003442 -0.026990 0.013606 -0.003354 -0.014029 0.106592 0.003151 0.007718 0.099223 0.004272 0.034028 0.024611 -0.006444 -0.029790 0.032694 -0.004070 0.000429 -0.015608 -0.037107 0.010960 -0.012043 -0.035215 -0.009122 -0.184869 -0.044175 0.015415 -0.188638 -0.042107
0.085334 0.007781 -0.096136 -0.067274 -0.000127 -0.097739 -0.064720 -0.002571 -0.066602 0.073441 0.009319 -0.067125 -0.028836 0.053360 0.015059 0.024298 0.038434 0.014542 -0.106132 0.014001 -0.024121 0.092022 0.016526 -0.033402 -0.007732 -0.002537 0.042972 0.004359 -0.000400 0.038337 -0.031856 -0.078814 0.087234 0.009334 -0.062234 0.086295 -0.011929 -0.013275 0.074899 0.006526 0.005657 0.069173
0.030701 -0.124484 -0.025727 -0.020497 -0.123393 -0.029809 0.023281 -0.026569 -0.009926 -0.028775 0.016007 -0.006103 -0.049629 0.031673 -0.006271 0.056865 0.032834 -0.004781 -0.009274 -0.038062 -0.006530 0.011102 -0.021403 -0.008035 -0.019944 0.090105 -0.010219 0.021389 0.079094 -0.011397 0.016561 0.111655 0.012579 -0.022014 0.095684 0.012580 0.083880 -0.057545 0.036052 -0.083694 -0.059201 0.038945
-0.042565 0.075036 0.038007 0.050214 0.076445 0.037997 -0.036833 -0.068643 0.031727 0.045346 -0.067069 0.030890 -0.030436 0.116304 0.005810 0.037961 0.118062 0.005839 -0.024533 -0.106574 -0.005417 0.034024 -0.105538 -0.005680 -0.044327 0.030921 -0.021243 0.051338 0.032337 -0.021364 -0.026888 0.016931 -0.049289 0.033660 0.017629 -0.049276 -0.024254 -0.050447 -0.049887 0.031657 -0.050473 -0.049937
-0.027652 -0.022491 0.009450 0.024635 -0.015609 0.006482 0.048743 -0.009500 -0.011312 -0.055486 0.011861 -0.011743 -0.094049 0.108017 -0.010638 0.090622 0.107675 -0.009810 0.064752 0.069514 0.005826 -0.061446 0.079183 0.007599 -0.023093 -0.082728 -0.015318 0.019441 -0.082440 -0.014878 -0.020765 -0.084014 0.000924 0.016845 -0.084884 0.001560 0.020857 -0.004996 0.041950 -0.026848 -0.004649 0.043818
0.040754 0.024389 0.043016 -0.048216 0.041907 0.043801 0.008347 0.025525 0.031686 -0.014791 0.018596 0.034652 0.033476 0.019275 -0.003442 -0.026990 0.013606 -0.003354 -0.014029 0.106592 0.003151 0.007718 0.099223 0.004272 0.034028 0.024611 -0.006444 -0.029790 0.032694 -0.004070 0.000429 -0.015608 -0.037107 0.010960 -0.012043 -0.035215 -0.009122 -0.184869 -0.044175 0.015415 -0.188638 -0.042107
0.085334 0.007781 -0.096136 -0.067274 -0.000127 -0.097739 -0.064720 -0.002571 -0.066602 0.073441 0.009319 -0.067125 -0.028836 0.053360 0.015059 0.024298 0.038434 0.014542 -0.106132 0.014001 -0.024121 0.092022 0.016526 -0.033402 -0.007732 -0.002537 0.042972 0.004359 -0.000400 0.038337 -0.031856 -0.078814 0.087234 0.009334 -0.062234 0.086295 -0.011929 -0.013275 0.074899 0.006526 0.005657 0.069173
0.030701 -0.124484 -0.025727 -0.020497 -0.123393 -0.029809 0.023281 -0.026569 -0.009926 -0.028775 0.016007 -0.006103 -0.049629 0.031673 -0.006271 0.056865 0.032834 -0.004781 -0.009274 -0.038062 -0.006530 0.011102 -0.021403 -0.008035 -0.019944 0.090105 -0.010219 0.021389 0.079094 -0.011397 0.016561 0.111655 0.012579 -0.022014 0.095684 0.012580 0.083880 -0.057545 0.036052 -0.083694 -0.059201 0.038945
-0.042565 0.075036 0.038007 0.050214 0.076445 0.037997 -0.036833 -0.068643 0.031727 0.045346 -0.067069 0.030890 -0.030436 0.116304 0.005810 0.037961 0.118062 0.005839 -0.024533 -0.106574 -0.005417 0.034024 -0.105538 -0.005680 -0.044327 0.030921 -0.021243 0.051338 0.032337 -0.021364 -0.026888 0.016931 -0.049289 0.033660 0.017629 -0.049276 -0.024254 -0.050447 -0.049887 0.031657 -0.050473 -0.049937
-0.027652 -0.022491 0.009450 0.024635 -0.015609 0.006482 0.048743 -0.009500 -0.011312 -0.055486 0.011861 -0.011743 -0.094049 0.108017 -0.010638 0.090622 0.107675 -0.009810 0.064752 0.069514 0.005826 -0.061446 0.079183 0.007599 -0.023093 -0.082728 -0.015318 0.019441 -0.082440 -0.014878 -0.020765 -0.084014 0.000924 0.016845 -0.084884 0.001560 0.020857 -0.004996 0.041950 -0.026848 -0.004649 0.043818
0.040754 0.024389 0.043016 -0.048216 0.041907 0.043801 0.008347 0.025525 0.031686 -0.014791 0.018596 0.034652 0.033476 0.019275 -0.003442 -0.026990 0.013606 -0.003354 -0.014029 0.106592 0.003151 0.007718 0.099223 0.004272 0.034028 0.024611 -0.006444 -0.029790 0.032694 -0.004070 0.000429 -0.015608 -0.037107 0.010960 -0.012043 -0.035215 -0.009122 -0.184869 -0.044175 0.015415 -0.188638 -0.042107
0.085334 0.007781 -0.096136 -0.067274 -0.000127 -0.097739 -0.064720 -0.002571 -0.066602 0.073441 0.009319 -0.067125 -0.028836 0.053360 0.015059 0.024298 0.038434 0.014542 -0.106132 0.014001 -0.024121 0.092022 0.016526 -0.033402 -0.007732 -0.002537 0.042972 0.004359 -0.000400 0.038337 -0.031856 -0.078814 0.087234 0.009334 -0.062234 0.086295 -0.011929 -0.013275 0.074899 0.006526 0.005657 0.069173
0.030701 -0.124484 -0.025727 -0.020497 -0.123393 -0.029809 0.023281 -0.026569 -0.009926 -0.028775 0.016007 -0.006103 -0.049629 0.031673 -0.006271 0.056865 0.032834 -0.004781 -0.009274 -0.038062 -0.006530 0.011102 -0.021403 -0.008035 -0.019944 0.090105 -0.010219 0.021389 0.079094 -0.011397 0.016561 0.111655 0.012579 -0.022014 0.095684 0.012580 0.083880 -0.057545 0.036052 -0.083694 -0.059201 0.038945
-0.042565 0.075036 0.038007 0.050214 0.076445 0.037997 -0.036833 -0.068643 0.031727 0.045346 -0.067069 0.030890 -0.030436 0.116304 0.005810 0.037961 0.118062 0.005839 -0.024533 -0.106574 -0.005417 0.034024 -0.105538 -0.005680 -0.044327 0.030921 -0.021243 0.051338 0.032337 -0.021364 -0.026888 0.016931 -0.049289 0.033660 0.017629 -0.049276 -0.024254 -0.050447 -0.049887 0.031657 -0.050473 -0.049937
-0.027652 -0.022491 0.009450 0.024635 -0.015609 0.006482 0.048743 -0.009500 -0.011312 -0.055486 0.011861 -0.011743 -0.094049 0.108017 -0.010638 0.090622 0.107675 -0.009810 0.064752 0.069514 0.005826 -0.061446 0.079183 0.007599 -0.023093 -0.082728 -0.015318 0.019441 -0.082440 -0.014878 -0.020765 -0.084014 0.000924 0.016845 -0.084884 0.001560 0.020857 -0.004996 0.041950 -0.026848 -0.004649 0.043818
0.040754 0.024389 0.043016 -0.048216 0.041907 0.043801 0.008347 0.025525 0.031686 -0.014791 0.018596 0.034652 0.033476 0.019275 -0.003442 -0.026990 0.013606 -0.003354 -0.014029 0.106592 0.003151 0.007718 0.099223 0.004272 0.034028 0.024611 -0.006444 -0.029790 0.032694 -0.004070 0.000429 -0.015608 -0.037107 0.010960 -0.012043 -0.035215 -0.009122 -0.184869 -0.044175 0.015415 -0.188638 -0.042107
0.085334 0.007781 -0.096136 -0.067274 -0.000127 -0.097739 -0.064720 -0.002571 -0.066602 0.073441 0.009319 -0.067125 -0.028836 0.053360 0.015059 0.024298 0.038434 0.014542 -0.106132 0.014001 -0.024121 0.092022 0.016526 -0.033402 -0.007732 -0.002537 0.042972 0.004359 -0.000400 0.038337 -0.031856 -0.078814 0.087234 0.009334 -0.062234 0.086295 -0.011929 -0.013275 0.074899 0.006526 0.005657 0.069173
0.030701 -0.124484 -0.025727 -0.020497 -0.123393 -0.029809 0.023281 -0.026569 -0.009926 -0.028775 0.016007 -0.006103 -0.049629 0.031673 -0.006271 0.056865 0.032834 -0.004781 -0.009274 -0.038062 -0.006530 0.011102 -0.021403 -0.008035 -0.019944 0.090105 -0.010219 0.021389 0.079094 -0.011397 0.016561 0.111655 0.012579 -0.022014 0.095684 0.012580 0.083880 -0.057545 0.036052 -0.083694 -0.059201 0.038945
-0.042565 0.075036 0.038007 0.050214 0.076445 0.037997 -0.036833 -0.068643 0.031727 0.045346 -0.067069 0.030890 -0.030436 0.116304 0.005810 0.037961 0.118062 0.005839 -0.024533 -0.106574 -0.005417 0.034024 -0.105538 -0.005680 -0.044327 0.030921 -0.021243 0.051338 0.032337 -0.021364 -0.026888 0.016931 -0.049289 0.033660 0.017629 -0.049276 -0.024254 -0.050447 -0.049887 0.031657 -0.050473 -0.049937
-0.027652 -0.022491 0.009450 0.024635 -0.015609 0.006482 0.048743 -0.009500 -0.011312 -0.055486 0.011861 -0.011743 -0.094049 0.108017 -0.010638 0.090622 0.107675 -0.009810 0.064752 0.069514 0.005826 -0.061446 0.079183 0.007599 -0.023093 -0.082728 -0.015318 0.019441 -0.082440 -0.014878 -0.020765 -0.084014 0.000924 0.016845 -0.084884 0.001560 0.020857 -0.004996 0.041950 -0.026848 -0.004649 0.043818
0.040754 0.024389 0.043016 -0.048216 0.041907 0.043801 0.008347 0.025525 0.031686 -0.014791 0.018596 0.034652 0.033476 0.019275 -0.003442 -0.026990 0.013606 -0.003354 -0.014029 0.106592 0.003151 0.007718 0.099223 0.004272 0.034028 0.024611 -0.006444 -0.029790 0.032694 -0.004070 0.000429 -0.015608 -0.037107 0.010960 -0.012043 -0.035215 -0.009122 -0.184869 -0.044175 0.015415 -0.188638 -0.042107
0.085334 0.007781 -0.096136 -0.067274 -0.000127 -0.097739 -0.064720 -0.002571 -0.066602 0.073441 0.009319 -0.067125 -0.028836 0.053360 0.015059 0.024298 0.038434 0.014542 -0.106132 0.014001 -0.024121 0.092022 0.016526 -0.033402 -0.007732 -0.002537 0.042972 0.004359 -0.000400 0.038337 -0.031856 -0.078814 0.087234 0.009334 -0.062234 0.086295 -0.011929 -0.013275 0.074899 0.006526 0.005657 0.069173
0.030701 -0.124484 -0.025727 -0.020497 -0.123393 -0.029809 0.023281 -0.026569 -0.009926 -0.028775 0.016007 -0.006103 -0.049629 0.031673 -0.006271 0.056865 0.032834 -0.004781 -0.009274 -0.038062 -0.006530 0.011102 -0.021403 -0.008035 -0.019944 0.090105 -0.010219 0.021389 0.079094 -0.011397 0.016561 0.111655 0.012579 -0.022014 0.095684 0.012580 0.083880 -0.057545 0.036052 -0.083694 -0.059201 0.038945
-0.042565 0.075036 0.038007 0.050214 0.076445 0.037997 -0.036833 -0.068643 0.031727 0.045346 -0.067069 0.030890 -0.030436 0.116304 0.005810 0.037961 0.118062 0.005839 -0.024533 -0.106574 -0.005417 0.034024 -0.105538 -0.005680 -0.044327 0.030921 -0.021243 0.051338 0.032337 -0.021364 -0.026888 0.016931 -0.049289 0.033660 0.017629 -0.049276 -0.024254 -0.050447 -0.049887 0.031657 -0.050473 -0.049937
-0.027652 -0.022491 0.009450 0.024635 -0.015609 0.006482 0.048743 -0.009500 -0.011312 -0.055486 0.011861 -0.011743 -0.094049 0.108017 -0.010638 0.090622 0.107675 -0.009810 0.064752 0.069514 0.005826 -0.061446 0.079183 0.007599 -0.023093 -0.082728 -0.015318 0.019441 -0.082440 -0.014878 -0.020765 -0.084014 0.000924 0.016845 -0.084884 0.001560 0.020857 -0.004996 0.041950 -0.026848 -0.004649 0.043818
0.040754 0.024389 0.043016 -0.048216 0.041907 0.043801 0.008347 0.025525 0.031686 -0.014791 0.018596 0.034652 0.033476 0.019275 -0.003442 -0.026990 0.013606 -0.003354 -0.014029 0.106592 0.003151 0.007718 0.099223 0.004272 0.034028 0.024611 -0.006444 -0.029790 0.032694 -0.004070 0.000429 -0.015608 -0.037107 0.010960 -0.012043 -0.035215 -0.009122 -0.184869 -0.044175 0.015415 -0.188638 -0.042107
0.085334 0.007781 -0.096136 -0.067274 -0.000127 -0.097739 -0.064720 -0.002571 -0.066602 0.073441 0.009319 -0.067125 -0.028836 0.053360 0.015059 0.024298 0.038434 0.014542 -0.106132 0.014001 -0.024121 0.092022 0.016526 -0.033402 -0.007732 -0.002537 0.042972 0.004359 -0.000400 0.038337 -0.031856 -0.078814 0.087234 0.009334 -0.062234 0.086295 -0.011929 -0.013275 0.074899 0.006526 0.005657 0.069173
0.030701 -0.124484 -0.025727 -0.020497 -0.123393 -0.029809 0.023281 -0.026569 -0.009926 -0.028775 0.016007 -0.006103 -0.049629 0.031673 -0.006271 0.056865 0.032834 -0.004781 -0.009274 -0.038062 -0.006530 0.011102 -0.021403 -0.008035 -0.019944 0.090105 -0.010219 0.021389 0.079094 -0.011397 0.016561 0.111655 0.012579 -0.022014 0.095684 0.012580 0.083880 -0.057545 0.036052 -0.083694 -0.059201 0.038945
-0.042565 0.075036 0.038007 0.050214 0.076445 0.037997 -0.036833 -0.068643 0.031727 0.045346 -0.067069 0.030890 -0.030436 0.116304 0.005810 0.037961 0.118062 0.005839 -0.024533 -0.106574 -0.005417 0.034024 -0.105538 -0.005680 -0.044327 0.030921 -0.021243 0.051338 0.032337 -0.021364 -0.026888 0.016931 -0.049289 0.033660 0.017629 -0.049276 -0.024254 -0.050447 -0.049887 0.031657 -0.050473 -0.049937
-0.027652 -0.022491 0.009450 0.024635 -0.015609 0.006482 0.048743 -0.009500 -0.011312 -0.055486 0.011861 -0.011743 -0.094049 0.108017 -0.010638 0.090622 0.107675 -0.009810 0.064752 0.069514 0.005826 -0.061446 0.079183 0.007599 -0.023093 -0.082728 -0.015318 0.019441 -0.082440 -0.014878 -0.020765 -0.084014 0.000924 0.016845 -0.084884 0.001560 0.020857 -0.004996 0.041950 -0.026848 -0.004649 0.043818
0.040754 0.024389 0.043016 -0.048216 0.041907 0.043801 0.008347 0.025525 0.031686 -0.014791 0.018596 0.034652 0.033476 0.019275 -0.003442 -0.026990 0.013606 -0.003354 -0.014029 0.106592 0.003151 0.007718 0.099223 0.004272 0.034028 0.024611 -0.006444 -0.029790 0.032694 -0.004070 0.000429 -0.015608 -0.037107 0.010960 -0.012043 -0.035215 -0.009122 -0.184869 -0.044175 0.015415 -0.188638 -0.042107
0.085334 0.007781 -0.096136 -0.067274 -0.000127 -0.097739 -0.064720 -0.002571 -0.066602 0.073441 0.009319 -0.067125 -0.028836 0.053360 0.015059 0.024298 0.038434 0.014542 -0.106132 0.014001 -0.024121 0.092022 0.016526 -0.033402 -0.007732 -0.002537 0.042972 0.004359 -0.000400 0.038337 -0.031856 -0.078814 0.087234 0.009334 -0.062234 0.086295 -0.011929 -0.013275 0.074899 0.006526 0.005657 0.069173
0.030701 -0.124484 -0.025727 -0.020497 -0.123393 -0.029809 0.023281 -0.026569 -0.009926 -0.028775 0.016007 -0.006103 -0.049629 0.031673 -0.006271 0.056865 0.032834 -0.004781 -0.009274 -0.038062 -0.006530 0.011102 -0.021403 -0.008035 -0.019944 0.090105 -0.010219 0.021389 0.079094 -0.011397 0.016561 0.111655 0.012579 -0.022014 0.095684 0.012580 0.083880 -0.057545 0.036052 -0.083694 -0.059201 0.038945
-0.042565 0.075036 0.038007 0.050214 0.076445 0.037997 -0.036833 -0.068643 0.031727 0.045346 -0.067069 0.030890 -0.030436 0.116304 0.005810 0.037961 0.118062 0.005839 -0.024533 -0.106574 -0.005417 0.034024 -0.105538 -0.005680 -0.044327 0.030921 -0.021243 0.051338 0.032337 -0.021364 -0.026888 0.016931 -0.049289 0.033660 0.017629 -0.049276 -0.024254 -0.050447 -0.049887 0.031657 -0.050473 -0.049937
-0.027652 -0.022491 0.009450 0.024635 -0.015609 0.006482 0.048743 -0.009500 -0.011312 -0.055486 0.011861 -0.011743 -0.094049 0.108017 -0.010638 0.090622 0.107675 -0.009810 0.064752 0.069514 0.005826 -0.061446 0.079183 0.007599 -0.023093 -0.082728 -0.015318 0.019441 -0.082440 -0.014878 -0.020765 -0.084014 0.000924 0.016845 -0.084884 0.001560 0.020857 -0.004996 0.041950 -0.026848 -0.004649 0.043818
0.040754 0.024389 0.043016 -0.048216 0.041907 0.043801 0.008347 0.025525 0.031686 -0.014791 0.018596 0.034652 0.033476 0.019275 -0.003442 -0.026990 0.013606 -0.003354 -0.014029 0.106592 0.003151 0.007718 0.099223 0.004272 0.034028 0.024611 -0.006444 -0.029790 0.032694 -0.004070 0.000429 -0.015608 -0.037107 0.010960 -0.012043 -0.035215 -0.009122 -0.184869 -0.044175 0.015415 -0.188638 -0.042107
0.085334 0.007781 -0.096136 -0.067274 -0.000127 -0.097739 -0.064720 -0.002571 -0.066602 0.073441 0.009319 -0.067125 -0.028836 0.053360 0.015059 0.024298 0.038434 0.014542 -0.106132 0.014001 -0.024121 0.092022 0.016526 -0.033402 -0.007732 -0.002537 0.042972 0.004359 -0.000400 0.038337 -0.031856 -0.078814 0.087234 0.009334 -0.062234 0.086295 -0.011929 -0.013275 0.074899 0.006526 0.005657 0.069173
0.030701 -0.124484 -0.025727 -0.020497 -0.123393 -0.029809 0.023281 -0.026569 -0.009926 -0.028775 0.016007 -0.006103 -0.049629 0.031673 -0.006271 0.056865 0.032834 -0.004781 -0.009274 -0.038062 -0.006530 0.011102 -0.021403 -0.008035 -0.019944 0.090105 -0.010219 0.021389 0.079094 -0.011397 0.016561 0.111655 0.012579 -0.022014 0.095684 0.012580 0.083880 -0.057545 0.036052 -0.083694 -0.059201 0.038945
0.335370 -1.793396 3.085713 -0.360477 2.173361
0.998120 0.000005 0.061297 0.000002 1.000000 -0.000122 -0.061297 0.000122 0.998120
0.982016 -0.000011 0.188797 0.000033 1.000000 -0.000116 -0.188797 0.000120 0.982016
0.981584 0.000036 0.191032 -0.000007 1.000000 -0.000153 -0.191032 0.000149 0.981584
0.998164 0.000011 0.060563 -0.000002 1.000000 -0.000158 -0.060563 0.000158 0.998164
0.994031 -0.000076 0.109096 0.000086 1.000000 -0.000082 -0.109096 0.000091 0.994031
0.990344 -0.000105 0.138635 0.000131 1.000000 -0.000178 -0.138635 0.000195 0.990343
0.993714 -0.000162 0.111947 0.000180 1.000000 -0.000143 -0.111947 0.000162 0.993714
0.999964 -0.000212 0.008498 0.000213 1.000000 -0.000170 -0.008498 0.000172 0.999964
0.999107 -0.000186 0.042260 0.000190 1.000000 -0.000092 -0.042260 0.000100 0.999107
0.990677 -0.000157 -0.136230 0.000145 1.000000 -0.000094 0.136230 0.000073 0.990677
0.999995 -0.000037 -0.003291 0.000037 1.000000 -0.000117 0.003291 0.000117 0.999995
0.999404 -0.000316 0.034519 0.000325 1.000000 -0.000255 -0.034519 0.000266 0.999404
0.997962 -0.000177 0.063805 0.000191 1.000000 -0.000225 -0.063805 0.000237 0.997962
0.998250 -0.000245 0.059140 0.000268 1.000000 -0.000390 -0.059140 0.000405 0.998250
0.999897 -0.000442 0.014358 0.000446 1.000000 -0.000278 -0.014358 0.000284 0.999897
1.220100 0.047883 2.400900
3.909190 0.077057 3.576800
3.939640 0.054376 2.221480
0.957878 0.081494 1.750540
1.802590 0.064521 3.401210
2.430220 -0.000450 2.252970
1.765250 -0.028823 3.344050
0.134067 -0.130185 0.663167
0.585732 -0.075740 1.261780
-2.220740 -0.022234 1.358220
-0.150952 -0.023432 0.825246
0.109417 0.028582 1.934390
0.307047 0.055786 1.629370
0.267798 0.046960 0.745169
-0.145115 0.072227 0.636796
