1 14 14
-2.486866 0.959600 8.097893
1.520800 1.636200 3.860000
721.500000 0.000000 609.500000 0.000000 721.500000 172.800000 0.000000 0.000000 1.000000
404.499014 318.321936
475.817008 274.084571
475.817008 274.084571
404.499014 318.321936
349.639019 283.237129
165.858036 289.338835
344.153020 277.135424
407.242014 235.948911
418.214013 238.999764
261.863027 242.050617
412.728013 191.711545
300.265024 196.287825
440.158011 190.186119
355.125019 190.186119
0.250547
0.111759
0.196135
0.148891
0.220362
0.313561
0.004262
0.104104
0.193449
0.142031
0.224191
0.329083
0.171379
0.121033
-1.959834 1.611439 6.718908
-3.512466 1.611568 6.914295
-1.681854 1.508912 9.175970
-3.109410 1.495293 9.352380
-2.265443 1.061783 6.056075
-3.402432 1.062213 6.188274
-1.787890 0.863623 9.857728
-2.830561 0.858236 9.989201
-1.816313 0.597027 7.435542
-3.439710 0.594829 7.641290
-2.076183 0.110248 7.723126
-3.103659 0.110550 7.856779
-1.947609 0.091760 8.929015
-2.901594 0.090768 9.064692
-0.031592 -0.038007 0.080275 0.060463 -0.037997 0.068626 -0.046117 -0.031727 -0.062782 0.035466 -0.030890 -0.072778 -0.013783 -0.005810 0.119428 0.054183 -0.005839 0.111552 -0.039273 0.005417 -0.102067 0.018848 0.005680 -0.109273 -0.039539 0.021243 0.036846 0.055375 0.021364 0.024798 -0.024241 0.049289 0.020543 0.035804 0.049276 0.012722 -0.031105 0.049887 -0.046536 0.024247 0.049937 -0.054422
-0.030540 -0.009450 -0.018380 0.022196 -0.006482 -0.018917 0.046923 0.011312 -0.016259 -0.053267 0.011743 0.019544 -0.077929 0.010638 0.120167 0.104860 0.009810 0.093865 0.073882 -0.005826 0.059720 -0.049703 -0.007599 0.087036 -0.034495 0.015318 -0.078660 0.007658 0.014878 -0.084354 -0.032371 -0.000924 -0.080260 0.004744 -0.001560 -0.086409 0.019947 -0.041950 -0.007879 -0.027235 -0.043818 -0.000828
0.043778 -0.043016 0.018417 -0.041845 -0.043801 0.048270 0.011853 -0.031686 0.024098 -0.012030 -0.034652 0.020490 0.035853 0.003442 0.014377 -0.024809 0.003354 0.017266 0.001097 -0.003151 0.107505 0.021591 -0.004272 0.097153 0.037150 0.006444 0.019582 -0.024898 0.004070 0.036557 -0.001770 0.037107 -0.015513 0.009158 0.035215 -0.013464 -0.035023 0.044175 -0.181751 -0.011259 0.042107 -0.188931
0.085580 0.096136 -0.004294 -0.066624 0.097739 0.009332 -0.064438 0.066602 0.006554 0.074022 0.067125 -0.001099 -0.021047 -0.015059 0.056884 0.029460 -0.014542 0.034637 -0.103110 0.024121 0.028784 0.093432 0.033402 0.003424 -0.008012 -0.042972 -0.001425 0.004259 -0.038337 -0.001009 -0.042620 -0.087234 -0.073552 0.000491 -0.086295 -0.062928 -0.013677 -0.074899 -0.011466 0.007257 -0.069173 0.004683
0.012895 0.025727 -0.127564 -0.037641 0.029809 -0.119286 0.019314 0.009926 -0.029578 -0.026239 0.006103 0.019893 -0.044683 0.006271 0.038336 0.060917 0.004781 0.024513 -0.014534 0.006530 -0.036380 0.007983 0.008035 -0.022752 -0.007077 0.010219 0.092014 0.032297 0.011397 0.075301 0.032094 -0.012579 0.108218 -0.008343 -0.012580 0.097829 0.074957 -0.036052 -0.068767 -0.091186 -0.038945 -0.046846
0.250000 0.270000 0.010000 -0.080000 -0.0500000.999897 -0.000442 0.014358 0.000446 1.000000 -0.000278 -0.014358 0.000284 0.999897
-0.145115 0.072227 0.636796
