/home/sarthaksharma/data/1.jpg 803.648562 185.305385 290.557298 161.312134
/home/sarthaksharma/data/2.jpg 762.192171 175.834529 256.899260 150.901070
/home/sarthaksharma/data/3.jpg 780.042083 178.652771 237.814927 157.445078
/home/sarthaksharma/data/4.jpg 161.946324 199.936325 191.505480 109.336877
/home/sarthaksharma/data/5.jpg 706.870756 174.197874 134.570002 90.978418
/home/sarthaksharma/data/6.jpg 60.475714 202.061779 244.550970 125.734002
/home/sarthaksharma/data/7.jpg 777.353520 176.809849 354.450914 198.190151
/home/sarthaksharma/data/8.jpg 961.267793 170.900196 202.482244 71.078622
/home/sarthaksharma/data/9.jpg 652.314002 167.199613 175.665007 68.160766
/home/sarthaksharma/data/10.jpg 47.737860 193.807137 307.924841 137.137819
