3.4752 1.62522 12.8049
4.98738 1.61389 11.8396
3.13512 1.47957 9.93567
4.69944 1.46133 8.99495
3.37437 1.13781 14.2752
5.32069 1.1398 12.9509
3.28202 0.878498 9.48019
4.46707 0.858006 8.72871
3.11461 0.652655 11.7106
5.02849 0.643628 10.474
3.28186 0.220413 11.0242
4.70606 0.222997 10.136
3.37246 0.303039 9.93103
4.444 0.294754 9.25882
3.17573 1.53306 11.1761
4.5647 1.52527 11.167
2.92333 1.41357 8.36716
4.61385 1.3959 8.37847
2.99098 1.11577 12.3161
4.77824 1.11657 12.2276
3.06938 0.84255 8.02479
4.41581 0.8186 8.00236
2.87744 0.671661 9.94776
4.72294 0.661871 9.93164
3.04644 0.255043 9.37469
4.46926 0.25732 9.39939
3.16317 0.291224 8.44502
4.33091 0.279111 8.45329
3.25091 1.5969 11.3158
4.55151 1.59029 10.812
3.1516 1.4684 8.57598
4.67653 1.45135 7.99542
3.07714 1.14024 12.4728
4.67846 1.14117 11.777
3.30603 0.878056 8.18072
4.50601 0.856928 7.69667
3.04794 0.688138 10.178
4.72584 0.680225 9.52122
3.22379 0.250594 9.55857
4.51987 0.253507 9.08357
3.35253 0.28412 8.5447
4.4363 0.273771 8.13122
3.12052 1.43044 9.20968
4.70066 1.41619 9.59637
2.27921 1.27682 5.87482
4.06329 1.25037 6.38524
3.0479 1.05336 10.661
5.365 1.0551 11.1392
2.42861 0.741149 5.65707
3.74778 0.709962 5.99818
2.42738 0.577499 7.40028
4.53711 0.562297 7.92735
2.45979 0.202004 6.73511
4.1307 0.203681 7.21112
2.5686 0.312075 6.25638
3.83737 0.29359 6.61672
3.50124 1.63062 10.4499
4.70855 1.6224 10.0289
3.2311 1.52656 7.80369
4.79694 1.51571 7.27678
3.3392 1.17024 11.683
4.9101 1.17209 11.0446
3.32197 0.902707 7.40004
4.66353 0.880033 6.90097
3.2067 0.712081 9.59958
4.90163 0.704275 8.97815
3.38625 0.26205 8.97802
4.6512 0.265565 8.53804
3.50222 0.285504 7.58508
4.49105 0.278493 7.2351
3.14691 1.54677 8.73758
4.78806 1.52859 8.82981
2.42384 1.38118 5.52577
4.22505 1.3566 5.72
2.98099 1.12122 10.374
5.51531 1.1238 10.4049
2.58238 0.807005 5.31511
3.93882 0.775314 5.411
2.48658 0.612831 7.12505
4.72486 0.597428 7.24226
2.56282 0.217807 6.43867
4.3094 0.22026 6.58334
2.71093 0.358174 5.7583
3.94249 0.342488 5.86775
